10.39109
-0.90665
-2.27150
-8.12068
-7.30083
-7.68859
-7.58423
-7.80015
-7.59338
-7.68571
-7.41017
-7.41770
-7.09858
-7.05026
-6.70803
-6.62994
-6.28149
-6.19151
-5.84486
-5.75475
-5.41950
-5.33990
-5.02203
-4.95872
-4.65971
-4.61514
-4.33532
-4.31124
-4.05168
-4.04884
-3.80942
-3.82729
-3.60676
-3.64395
-3.43921
-3.49322
-3.30350
-3.37261
-3.19520
-3.27680
-3.10969
-3.20175
-3.04197
-3.14101
-2.98688
-3.09228
-2.94286
-3.05223
-2.90516
-3.01689
-2.87144
-2.98354
-2.83946
-2.95249
-2.80852
-2.92101
-2.77767
-2.89035
-2.74727
-2.85911
-2.71647
-2.82758
-2.68601
-2.79755
-2.65708
-2.76886
-2.62953
-2.74194
-2.60366
-2.71698
-2.57883
-2.69306
-2.55448
-2.66897
-2.52928
-2.64318
-2.50175
-2.61455
-2.47160
-2.58351
-2.43886
-2.54926
-2.40281
-2.51171
-2.36375
-2.47114
-2.32192
-2.42846
-2.27800
-2.38346
-2.23188
-2.33618
-2.18370
-2.28754
-2.13414
-2.23696
-2.08281
-2.18533
-2.03060
-2.13253
-1.97708
-2.07843
-1.92230
-2.02278
-1.86587
-1.96582
-1.80854
-19.85491
-16.17631
0.00000
0.00000
0.00000
0.00000
0.00000
0.00000
0.00000
0.00000
0.00000
0.00000
0.00000
0.00000
0.00000
0.00000
0.00000
0.00000
0.00000
0.00000
0.00000
0.00000
0.00000
0.00000
0.00000
0.00000
0.00000
0.00000
0.00000
0.00000
0.00000
0.00000
0.00000
0.00000
0.00000
0.00000
0.00000
0.00000
0.00000
0.00000
0.00000
0.00000
0.00000
0.00000
0.00000
0.00000
0.00000
0.00000
0.00000
0.00000
0.00000
0.00000
0.00000
0.00000
0.00000
0.00000
0.00000
0.00000
0.00000
0.00000
0.00000
0.00000
0.00000
0.00000
0.00000
0.00000
0.00000
0.00000
0.00000
0.00000
0.00000
0.00000
0.00000
0.00000
0.00000
0.00000
0.00000
0.00000
0.00000
0.00000
0.00000
0.00000
0.00000
0.00000
0.00000
0.00000
0.00000
0.00000
0.00000
0.00000
0.00000
0.00000
0.00000
0.00000
0.00000
0.00000
0.00000
0.00000
0.00000
0.00000
0.00000
0.00000
0.00000
0.00000
0.00000
0.00000
0.00000
0.00000
0.00000
0.00000
0.00000
0.00000
0.00000
0.00000
0.00000
0.00000
0.00000
0.00000
0.00000
0.00000
0.00000
0.00000
0.00000
0.00000
0.00000
0.00000
0.00000
0.00000
0.00000
0.00000
0.00000
0.00000
0.00000
0.00000
0.00000
0.00000
0.00000
0.00000
0.00000
0.00000
0.00000
0.00000
0.00000
0.00000
0.00000
0.00000
0.00000
0.00000
0.00000
0.00000
0.00000
0.00000
0.00000
0.00000
0.00000
0.00000
0.00000
0.00000
0.00000
0.00000
0.00000
0.00000
0.00000
0.00000
0.00000
0.00000
0.00000
0.00000
0.00000
0.00000
0.00000
0.00000
0.00000
0.00000
0.00000
0.00000
0.00000
0.00000
0.00000
0.00000
0.00000
0.00000
0.00000
0.00000
0.00000
0.00000
0.00000
0.00000
0.00000
0.00000
0.00000
0.00000
0.00000
0.00000
0.00000
0.00000
0.00000
0.00000
0.00000
0.00000
0.00000
0.00000
0.00000
0.00000
0.00000
0.00000
0.00000
0.00000
0.00000
0.00000
0.00000
0.00000
0.00000
0.00000
0.00000
0.00000
0.00000
0.00000
0.00000
0.00000
0.00000
0.00000
0.00000
0.00000
0.00000
0.00000
0.00000
0.00000
0.00000
0.00000
0.00000
0.00000
0.00000
0.00000
0.00000
0.00000
0.00000
0.00000
0.00000
0.00000
0.00000
0.00000
0.00000
0.00000
0.00000
0.00000
0.00000
0.00000
0.00000
0.00000
0.00000
0.00000
0.00000
0.00000
0.00000
0.00000
0.00000
0.00000
0.00000
0.00000
0.00000
0.00000
0.00000
0.00000
0.00000
0.00000
0.00000
0.00000
0.00000
0.00000
0.00000
0.00000
0.00000
0.00000
0.00000
0.00000
0.00000
0.00000
0.00000
0.00000
0.00000
0.00000
0.00000
0.00000
0.00000
0.00000
0.00000
0.00000
0.00000
0.00000
0.00000
0.00000
0.00000
0.00000
0.00000
0.00000
0.00000
0.00000
0.00000
0.00000
0.00000
0.00000
0.00000
0.00000
0.00000
0.00000
0.00000
0.00000
0.00000
0.00000
0.00000
0.00000
0.00000
0.00000
0.00000
0.00000
0.00000
0.00000
0.00000
0.00000
0.00000
0.00000
0.00000
0.00000
0.00000
0.00000
0.00000
0.00000
0.00000
0.00000
0.00000
0.00000
0.00000
0.00000
0.00000
0.00000
0.00000
0.00000
0.00000
0.00000
0.00000
0.00000
0.00000
0.00000
0.00000
0.00000
0.00000
0.00000
0.00000
0.00000
0.00000
0.00000
0.00000
0.00000
0.00000
0.00000
0.00000
0.00000
0.00000
0.00000
0.00000
0.00000
0.00000
0.00000
0.00000
0.00000
0.00000
0.00000
0.00000
0.00000
0.00000
0.00000
0.00000
0.00000
0.00000
0.00000
0.00000
0.00000
0.00000
0.00000
0.00000
0.00000
0.00000
0.00000
0.00000
0.00000
0.00000
0.00000
0.00000
0.00000
0.00000
0.00000
0.00000
0.00000
0.00000
0.00000
0.00000
0.00000
0.00000
0.00000
0.00000
0.00000
0.00000
0.00000
0.00000
0.00000
0.00000
0.00000
0.00000
0.00000
0.00000
0.00000
0.00000
0.00000
0.00000
0.00000
0.00000
0.00000
0.00000
0.00000
0.00000
0.00000
0.00000
0.00000
0.00000
0.00000
0.00000
0.00000
0.00000
0.00000
0.00000
0.00000
0.00000
0.00000
0.00000
0.00000
0.00000
0.00000
0.00000
0.00000
0.00000
0.00000
0.00000
0.00000
0.00000
0.00000
0.00000
0.00000
0.00000
0.00000
0.00000
0.00000
0.00000
0.00000
0.00000
0.00000
0.00000
0.00000
0.00000
0.00000
0.00000
0.00000
0.00000
0.00000
0.00000
0.00000
0.00000
0.00000
0.00000
0.00000
0.00000
0.00000
0.00000
0.00000
0.00000
0.00000
0.00000
0.00000
0.00000
0.00000
0.00000
0.00000
0.00000
0.00000
0.00000
0.00000
0.00000
0.00000
0.00000
0.00000
0.00000
0.00000
0.00000
0.00000
0.00000
0.00000
0.00000
0.00000
0.00000
0.00000
9.87202
20.44454
40.00000
37.35188
40.00000
40.00000
40.00000
40.00000
40.00000
40.00000
40.00000
40.00000
39.65342
38.99684
38.13412
37.11547
36.01223
34.87539
33.72389
32.57281
31.42570
30.28802
29.16993
28.08561
27.04364
26.04880
25.10663
24.21698
23.37865
22.59050
21.85026
21.15466
20.50094
19.88595
19.30538
18.75698
18.23729
17.74193
17.26952
16.81583
16.37856
15.95537
15.54306
15.14061
14.74498
14.35514
13.96919
13.58569
13.20382
12.82195
12.44449
12.06274
11.67501
10.90794
11.67097
11.05281
10.57537
9.78039
9.35746
8.62855
8.86689
8.15148
7.70004
6.95458
6.60201
5.86688
5.53258
4.82136
4.50933
3.82705
4.20627
3.38194
2.58836
1.82767
1.28106
0.60407
-0.06161
-0.66151
-1.33738
-1.84314
-2.45815
-2.86749
-3.40691
-3.72901
-4.19875
-4.46146
-4.87483
-5.06203
-5.42306
-5.55941
-5.88907
-6.00384
-6.31317
-6.40121
-6.70903
-20.00000
-20.00000
-20.00000
-20.00000
-20.00000
0.00000
0.00000
0.00000
0.00000
0.00000
0.00000
0.00000
0.00000
0.00000
0.00000
0.00000
0.00000
0.00000
0.00000
0.00000
0.00000
0.00000
0.00000
0.00000
0.00000
0.00000
0.00000
0.00000
0.00000
0.00000
0.00000
0.00000
0.00000
0.00000
0.00000
0.00000
0.00000
0.00000
0.00000
0.00000
0.00000
0.00000
0.00000
0.00000
0.00000
0.00000
0.00000
0.00000
0.00000
0.00000
0.00000
0.00000
0.00000
0.00000
0.00000
0.00000
0.00000
0.00000
0.00000
0.00000
0.00000
0.00000
0.00000
0.00000
0.00000
0.00000
0.00000
0.00000
0.00000
0.00000
0.00000
0.00000
0.00000
0.00000
0.00000
0.00000
0.00000
0.00000
0.00000
0.00000
0.00000
0.00000
0.00000
0.00000
0.00000
0.00000
0.00000
0.00000
0.00000
0.00000
0.00000
0.00000
0.00000
0.00000
0.00000
0.00000
0.00000
0.00000
-20.00000
-13.41680
-20.00000
-20.00000
-20.00000
-20.00000
-20.00000
-20.00000
-20.00000
-20.00000
-20.00000
-20.00000
-20.00000
-20.00000
-20.00000
-20.00000
-20.00000
-20.00000
-20.00000
-20.00000
-20.00000
-20.00000
-20.00000
-20.00000
-20.00000
-20.00000
-20.00000
-20.00000
-20.00000
-20.00000
-20.00000
-19.92564
-19.58388
-19.05523
-18.39968
-17.66182
-16.87389
-16.05971
-15.23760
-14.41946
-13.61412
-12.82787
-11.71137
-11.99478
-11.05935
-10.30526
-9.28014
-8.64102
-7.72246
-7.18533
-6.34850
-5.90347
-5.12928
-4.57994
-3.84346
-4.09232
-3.48956
-2.67433
0.00000
0.00000
0.00000
0.00000
0.00000
0.00000
0.00000
0.00000
0.00000
0.00000
0.00000
0.00000
0.00000
0.00000
0.00000
0.00000
0.00000
0.00000
0.00000
0.00000
0.00000
0.00000
0.00000
0.00000
0.00000
0.00000
0.00000
0.00000
0.00000
0.00000
0.00000
0.00000
0.00000
0.00000
0.00000
0.00000
0.00000
0.00000
0.00000
0.00000
0.00000
0.00000
0.00000
0.00000
0.00000
0.00000
0.00000
4.53410
14.29624
18.12234
21.90764
23.44081
24.71540
25.70885
26.46484
27.06405
27.54511
27.93675
28.26041
28.53100
28.76556
28.97374
29.16623
29.35215
29.53559
29.72394
29.91727
30.12071
30.33420
30.56193
30.81749
31.08094
31.36279
31.65200
31.98329
32.31398
32.67418
33.05440
33.43011
33.83996
34.26908
34.71468
35.20193
35.66221
36.15006
36.67459
37.16964
37.68753
38.21443
38.74800
39.28818
39.83340
40.00000
40.00000
40.00000
40.00000
40.00000
40.00000
40.00000
40.00000
40.00000
40.00000
40.00000
40.00000
40.00000
40.00000
40.00000
40.00000
40.00000
40.00000
40.00000
40.00000
40.00000
40.00000
40.00000
40.00000
40.00000
40.00000
40.00000
40.00000
40.00000
40.00000
40.00000
40.00000
40.00000
40.00000
40.00000
40.00000
40.00000
40.00000
40.00000
40.00000
40.00000
40.00000
40.00000
40.00000
40.00000
40.00000
40.00000
40.00000
40.00000
40.00000
40.00000
40.00000
40.00000
40.00000
40.00000
40.00000
40.00000
40.00000
40.00000
40.00000
40.00000
40.00000
40.00000
40.00000
40.00000
40.00000
40.00000
40.00000
40.00000
40.00000
40.00000
40.00000
40.00000
40.00000
40.00000
40.00000
40.00000
40.00000
40.00000
40.00000
40.00000
40.00000
40.00000
40.00000
40.00000
40.00000
40.00000
40.00000
40.00000
40.00000
40.00000
40.00000
40.00000
40.00000
40.00000
40.00000
40.00000
40.00000
40.00000
40.00000
40.00000
40.00000
40.00000
40.00000
40.00000
40.00000
40.00000
40.00000
40.00000
40.00000
40.00000
40.00000
40.00000
40.00000
40.00000
40.00000
40.00000
40.00000
40.00000
40.00000
40.00000
40.00000
40.00000
40.00000
40.00000
40.00000
40.00000
40.00000
40.00000
40.00000
40.00000
40.00000
40.00000
40.00000
40.00000
40.00000
40.00000
40.00000
40.00000
40.00000
40.00000
40.00000
40.00000
40.00000
40.00000
40.00000
40.00000
40.00000
40.00000
40.00000
40.00000
40.00000
40.00000
40.00000
40.00000
40.00000
40.00000
40.00000
40.00000
40.00000
40.00000
40.00000
40.00000
40.00000
40.00000
40.00000
40.00000
40.00000
40.00000
40.00000
40.00000
40.00000
40.00000
40.00000
40.00000
40.00000
40.00000
40.00000
40.00000
40.00000
40.00000
40.00000
40.00000
40.00000
40.00000
40.00000
40.00000
40.00000
40.00000
40.00000
40.00000
40.00000
40.00000
40.00000
40.00000
40.00000
40.00000
40.00000
40.00000
40.00000
40.00000
40.00000
40.00000
40.00000
40.00000
40.00000
40.00000
40.00000
40.00000
40.00000
40.00000
40.00000
40.00000
40.00000
40.00000
40.00000
40.00000
40.00000
40.00000
40.00000
40.00000
40.00000
40.00000
40.00000
40.00000
40.00000
40.00000
40.00000
40.00000
40.00000
40.00000
40.00000
40.00000
40.00000
40.00000
40.00000
40.00000
40.00000
40.00000
40.00000
40.00000
40.00000
40.00000
40.00000
40.00000
40.00000
40.00000
40.00000
40.00000
40.00000
40.00000
39.78002
39.39858
38.90688
38.33957
37.72362
37.11194
36.43385
35.75645
35.07727
34.40089
33.72951
33.06609
32.41050
31.76512
31.12880
30.49459
29.88145
29.27431
28.67567
28.08462
27.50129
26.92423
26.35439
25.78865
25.22887
24.67277
24.12106
23.57199
23.02641
22.48292
21.94125
21.40142
20.86275
20.32515
19.78830
19.25215
18.71580
18.17981
17.64273
17.10567
16.56765
16.02891
15.48862
14.94731
14.40446
13.86027
13.31472
12.76754
12.21881
11.27652
11.89708
11.08466
10.45138
9.49859
8.93490
8.05468
7.56451
6.70418
6.32384
5.46951
4.54567
3.63348
2.38767
1.50503
0.56020
-0.25261
-1.16299
-1.89618
-2.74920
-3.40309
-4.18958
-4.78262
-5.50258
-6.00395
-6.67239
-7.10214
-7.73018
-8.09699
-8.69919
-8.99732
-9.59525
-10.17403
-10.74193
-11.30253
-11.86019
-12.38683
-12.91218
-13.42902
-13.94197
-14.46238
-14.96297
-15.48121
-15.98134
-16.48974
-16.99952
-19.52143
-20.00000
-20.00000
-20.00000
-20.00000
-20.00000
-20.00000
-20.00000
-20.00000
-20.00000
-20.00000
-20.00000
-20.00000
-20.00000
-20.00000
-20.00000
-20.00000
-20.00000
-20.00000
-20.00000
-20.00000
-20.00000
-20.00000
-20.00000
-20.00000
-20.00000
-20.00000
-20.00000
-20.00000
-20.00000
-20.00000
-20.00000
-20.00000
-20.00000
-20.00000
-20.00000
-20.00000
-20.00000
-20.00000
-20.00000
-20.00000
-20.00000
-20.00000
-20.00000
-20.00000
-20.00000
-20.00000
-20.00000
-20.00000
-20.00000
-20.00000
-20.00000
-20.00000
-20.00000
-20.00000
-20.00000
-20.00000
-20.00000
-20.00000
-20.00000
-20.00000
-20.00000
-20.00000
-20.00000
-20.00000
-20.00000
-20.00000
-20.00000
-20.00000
-20.00000
-20.00000
-20.00000
-20.00000
-20.00000
-20.00000
-20.00000
-20.00000
-20.00000
-19.88464
-19.59349
-19.17592
-18.67855
-18.13673
-17.56128
-16.96823
-16.36236
-15.76627
-15.20739
-14.62744
-14.04795
-13.49140
-12.94376
-12.41415
-11.90817
-11.41886
-10.94658
-10.49104
-9.69873
-9.33724
-8.62700
-8.33649
-7.71284
-7.47824
-6.93522
-6.74391
-6.25711
-6.10885
-5.67783
-5.56908
-5.19690
-5.12908
-4.77532
-4.73137
-4.39021
-4.35734
-4.06048
-4.05424
-3.78850
-3.80633
-3.57311
-3.61622
-3.41037
-3.47841
-3.31354
-3.40883
-3.26954
-3.39015
-3.27440
-3.42046
-3.34487
-3.51848
-3.47447
-3.67625
-3.65888
-3.88756
-3.89681
-4.15272
-4.18473
-4.46540
-4.51157
-4.81146
-4.86610
-5.18010
-5.23921
-5.56346
-5.62301
-5.95415
-6.01035
-20.00000
-20.00000
-20.00000
0.00000
0.00000
0.00000
0.00000
0.00000
0.00000
0.00000
0.00000
0.00000
0.00000
0.00000
0.00000
0.00000
0.00000
0.00000
0.00000
0.00000
0.00000
0.00000
0.00000
0.00000
0.00000
0.00000
0.00000
0.00000
0.00000
0.00000
0.00000
0.00000
0.00000
0.00000
0.00000
0.00000
0.00000
0.00000
0.00000
-11.01383
-11.13202
-14.19527
-20.00000
-20.00000
-20.00000
-20.00000
-20.00000
-20.00000
-20.00000
-20.00000
-20.00000
-20.00000
-20.00000
-20.00000
-20.00000
-20.00000
-20.00000
-20.00000
-20.00000
-20.00000
-20.00000
-20.00000
-20.00000
-20.00000
-20.00000
-20.00000
-20.00000
-20.00000
-20.00000
-20.00000
-20.00000
-20.00000
-20.00000
-20.00000
-20.00000
-20.00000
-20.00000
-20.00000
-20.00000
-19.99703
-19.97944
-19.95085
-19.91910
-19.88307
-19.84554
-19.80866
-19.76945
-19.73218
-19.69418
-19.65442
-19.61539
-19.57786
-19.53905
-19.49946
-19.45879
-19.41637
-19.37272
-19.32742
-19.28084
-19.23420
-19.18348
-19.13253
-19.08049
-19.02770
-18.97371
-18.91897
-18.86350
-18.80758
-18.75148
-18.69558
-18.64013
-18.58503
-18.53117
-18.47575
-18.42520
-18.37183
-18.32330
-18.27482
-18.22974
-18.18289
-18.13694
-18.09388
-18.05111
-18.01546
-17.97517
-17.94100
-17.90941
-17.87640
-17.84668
-17.81874
-17.79320
-17.77139
-17.75083
-17.73075
-17.71409
-17.69920
-17.68998
-17.68002
-17.67220
-17.66600
-17.66168
-17.65861
-17.65703
-17.65774
-17.65859
-17.66342
-17.66957
-17.67781
-17.68645
-17.69898
-17.71208
-17.72698
-17.74296
-17.76079
-17.77997
-17.80085
-17.82341
-17.84724
-17.87329
-17.90054
-17.92931
-17.95849
-17.99072
-18.02382
-18.05840
-18.09453
-18.13228
-18.17145
-18.21190
-18.25375
-18.29680
-18.34086
-18.38538
-18.43076
-18.47624
-18.52188
-18.56801
-18.61393
-18.65996
-18.70645
-18.75354
-18.80061
-18.84804
-18.89578
-18.94418
-18.99294
-19.04260
-19.09255
-19.14323
-19.19472
-19.24689
-19.29908
-19.35203
-19.40598
-19.45958
-19.51317
-19.56699
-19.62043
-19.67362
-19.72617
-19.77813
-19.83043
-19.88197
-19.93305
-19.98345
-20.00000
-20.00000
-20.00000
-20.00000
-20.00000
-20.00000
-20.00000
-20.00000
-20.00000
-20.00000
-20.00000
-20.00000
-20.00000
-20.00000
-20.00000
-20.00000
-20.00000
-20.00000
-20.00000
-20.00000
-20.00000
-20.00000
-20.00000
-20.00000
-20.00000
-20.00000
-20.00000
-20.00000
-20.00000
-20.00000
-20.00000
-20.00000
-20.00000
-20.00000
-20.00000
-20.00000
-20.00000
-20.00000
-20.00000
-20.00000
-20.00000
-20.00000
-20.00000
-20.00000
-20.00000
-20.00000
-20.00000
-20.00000
-20.00000
-20.00000
-20.00000
-20.00000
-20.00000
-20.00000
-20.00000
-20.00000
-20.00000
-20.00000
-20.00000
-20.00000
-19.97675
-19.93045
-19.86707
-19.79053
-19.70425
-19.61027
-19.50982
-19.40553
-19.29732
-19.18617
-19.07210
-18.95869
-18.83820
-18.72035
-18.59650
-18.47603
-18.34728
-18.22388
-18.10151
-17.97317
-17.84931
-17.72362
-17.59522
-17.47188
-17.34730
-17.22270
-17.09880
-16.97575
-16.85389
-16.73377
-16.61558
-16.49581
-16.38242
-16.26670
-16.15449
-16.04799
-15.94820
-15.84755
-15.74368
-15.64509
-15.54871
-15.45424
-15.36868
-15.28262
-15.19928
-15.11827
-15.03928
-14.96261
-14.88800
-14.81555
-14.74584
-14.67832
-14.61306
-14.55032
-14.48998
-14.43154
-14.37485
-14.32054
-14.26831
-14.21842
-14.17066
-14.12559
-14.08474
-14.04309
-14.00487
-13.96842
-13.93413
-13.90181
-13.87132
-13.84336
-13.81730
-13.79349
-13.77303
-13.75245
-13.73496
-13.72107
-13.70809
-13.69577
-13.68600
-13.67763
-13.67241
-13.66676
-13.66345
-13.66195
-13.66214
-13.66381
-13.66683
-13.67246
-13.67983
-13.68904
-13.70024
-13.71434
-13.73017
-13.74764
-13.76845
-13.79029
-13.81521
-13.84143
-13.86996
-13.90042
-13.93267
-13.96659
-14.00211
-14.03893
-14.07721
-14.11811
-14.15872
-14.20158
-14.24564
-14.29155
-14.33874
-14.38717
-14.43656
-14.48654
-14.53668
-14.58678
-14.63666
-14.68613
-14.73505
-14.78331
-14.83080
-14.87745
-14.92322
-14.96805
-15.01193
-15.05484
-15.09680
-15.13780
-15.17786
-15.21702
-15.25530
-15.29273
-15.32936
-15.36521
-15.40035
-15.43479
-15.46860
-15.50180
-15.53444
-15.56656
-15.59820
-15.62939
-15.66016
-15.69055
-15.72059
-15.75029
-15.77970
-15.80882
-15.83768
-15.86630
-15.89469
-15.92287
-15.95084
-15.97862
-16.00621
-16.03352
-16.06072
-16.08775
-16.11462
-16.14133
-16.16788
-16.19427
-16.22050
-16.24656
-16.27246
-16.29819
-16.32375
-16.34903
-16.37420
-16.39919
-16.42400
-16.44852
-16.47293
-16.49704
-16.52103
-16.54473
-16.56820
-16.59143
-16.61444
-16.63723
-16.65968
-16.68197
-16.70394
-16.72565
-16.74711
-16.76821
-16.78903
-16.80947
-16.82959
-16.84931
-16.86860
-16.88742
-16.90576
-16.92370
-16.94127
-16.95850
-16.97551
-16.99226
-17.00877
-17.02516
-17.04116
-17.05701
-17.07245
-17.08771
-17.10274
-17.11767
-17.13243
-17.14704
-17.16159
-17.17602
-17.19055
-17.20524
-17.22007
-17.23506
-17.25011
-17.26519
-17.28026
-17.29530
-17.31017
-17.32502
-17.33976
-17.35438
-17.36885
-17.38315
-17.39728
-17.41121
-17.42494
-17.43845
-17.45174
-17.46480
-17.47762
-17.49019
-17.50252
-17.51459
-17.52642
-17.53798
-17.54929
-17.56035
-17.57115
-17.58169
-17.59198
-17.60202
-17.61181
-17.62135
-17.63063
-17.63957
-17.64833
-17.65685
-17.66513
-17.67319
-17.68101
-17.68860
-17.69596
-17.70310
-17.71002
-17.71670
-17.72317
-17.72942
-17.73544
-17.74125
-17.74683
-17.75209
-17.75720
-17.76209
-17.76677
-17.77124
-17.77549
-17.77953
-17.78336
-17.78698
-17.79038
-17.79357
-17.79655
-17.79920
-17.80170
-17.80399
-17.80607
-17.80783
-17.80934
-17.81059
-17.81149
-17.81210
-17.81232
-17.81223
-17.81162
-17.81064
-17.80897
-17.80673
-17.80401
-17.80064
-17.79655
-17.79160
-17.78570
-17.77900
-17.77109
-17.76204
-17.75180
-17.74035
-17.72776
-17.71375
-17.69798
-17.68072
-17.66186
-17.64140
-17.61964
-17.59639
-17.57153
-17.54531
-17.51751
-17.48798
-17.45736
-17.42505
-17.39091
-17.35575
-17.31861
-17.27985
-17.23887
-17.19710
-17.15359
-17.10847
-17.06193
-17.01437
-16.96545
-16.91546
-16.86448
-16.81269
-16.75992
-16.70643
-16.65192
-16.59651
-16.54020
-16.48259
-16.42402
-16.36393
-16.30294
-16.24143
-16.17872
-16.11533
-16.05152
-15.98724
-15.92206
-15.85671
-15.79072
-15.72440
-15.65745
-15.59025
-15.52294
-15.45554
-15.38829
-15.32113
-15.25408
-15.18715
-15.12015
-15.05309
-14.98604
-14.91869
-14.85113
-14.78382
-14.71606
-14.64851
-14.58099
-14.51407
-14.44723
-14.38023
-14.31281
-14.24636
-14.17973
-14.11345
-14.04742
-13.98174
-13.91656
-13.85186
-13.77190
-13.70021
-13.62968
-13.57776
-13.50192
-13.45099
-13.37654
-13.30911
-13.24342
-13.17861
-13.11508
-13.05256
-12.99124
-12.93134
-12.87211
-12.81392
-12.75640
-12.70058
-12.64560
-12.59181
-12.53917
-12.48750
-12.43718
-12.38836
-12.34079
-12.29468
-12.24989
-12.20640
-12.16425
-12.12346
-12.08383
-12.04556
-12.00833
-11.97218
-11.93669
-11.90212
-11.86842
-11.83529
-11.80296
-11.77139
-11.74048
-11.71011
-11.68029
-11.65145
-11.62345
-11.59618
-11.56952
-11.54365
-11.51855
-11.49423
-11.47070
-11.44769
-11.42498
-11.40238
-11.37977
-11.35710
-11.33413
-11.31081
-11.28706
-11.26283
-11.23805
-11.21271
-11.18677
-11.16022
-11.13305
-11.10525
-11.07684
-11.04781
-11.01819
-10.98798
-10.95721
-10.92590
-10.89407
-10.86174
-10.82894
-10.79569
-10.76201
-10.72793
-10.69347
-10.65865
-10.62349
-10.58802
-10.55224
-10.51617
-10.47984
-10.44325
-10.40642
-10.36936
-10.33208
-10.29459
-10.25689
-10.21900
-10.18092
-10.14265
-10.10420
-10.06557
-10.02676
-9.98777
-9.94862
-9.90928
-9.53851
-9.44893
-9.46138
-9.13843
-9.18527
-8.90016
-8.97527
-8.71406
-8.81182
-8.57029
-8.68547
-8.45959
-8.58755
-8.37377
-8.51047
-8.30572
-8.44777
-8.24946
-8.39408
-8.20010
-8.34510
-8.15376
-8.29747
-8.10749
-8.24871
-8.05914
-8.19704
-8.00723
-8.14131
-7.95086
-8.08087
-7.88955
-8.01544
-7.82320
-7.94507
-7.75195
-7.86999
-7.67612
-7.79059
-7.59615
-7.70736
-7.51254
-7.62079
-7.42579
-7.53141
-7.33643
-7.43969
-7.24490
-7.34608
-7.15164
-7.25095
-7.05699
-7.15464
-6.96124
-7.05739
-6.86461
-6.95939
-6.76728
-6.86077
-6.66933
-6.76163
-6.57085
-6.66200
-6.47184
-6.56188
-6.37231
-6.46129
-6.27228
-6.36025
-6.17170
-6.25860
-6.07043
-6.15630
-5.96845
-6.05328
-5.86568
-5.94951
-5.76209
-5.84494
-5.65764
-5.73953
-5.55229
-5.63325
-5.44600
-5.52606
-5.33876
-5.41796
-5.23054
-5.30893
-5.12133
-5.19895
-5.01113
-5.08801
-4.89991
-4.97611
-4.78768
-4.86322
-4.67448
-4.74953
-4.56034
-4.63482
-4.44513
-4.51911
-4.32903
-4.40261
-4.21197
-4.28519
-4.09393
-4.16682
-3.97488
-4.04742
-3.85482
-3.92718
-3.73384
-3.80604
-3.61189
-3.68387
-3.48891
-3.56086
-3.36502
-3.43694
-3.24030
-3.31227
-3.11462
-3.18661
-2.98805
-3.06014
-2.86043
-2.93243
-2.73159
-2.80357
-2.60177
-2.67428
-2.47134
-2.54359
-2.33965
-2.41188
-2.20726
-2.28000
-2.07448
-2.14734
-1.94158
-2.01463
-1.80824
-1.88145
-1.67490
-1.74896
-1.54175
-1.61627
-1.40842
-1.48335
-1.27513
-1.34930
-1.14117
-1.21777
-1.00758
-1.08295
-0.87202
-0.94347
-0.73143
-0.80975
-0.59530
-0.67704
-0.45754
-0.55680
-0.32625
-0.48945
-0.22911
0.00650
0.31748
0.50428
0.64798
0.40030
0.57003
0.98993
1.09719
1.17143
1.18492
1.40893
1.38576
1.50044
1.45168
1.58295
1.52062
1.63925
1.57075
1.69770
1.62574
1.74981
1.67314
1.80149
1.72151
1.84853
1.76668
1.89628
1.81267
1.94224
1.85679
1.98753
1.90137
2.03323
1.94577
2.07816
1.99124
2.12381
2.03103
2.16299
2.07438
2.21053
2.11842
2.25306
2.15950
2.29309
2.19855
2.33269
2.23676
2.37000
2.27274
2.40595
2.30686
2.43891
2.33933
2.47162
2.37164
2.50436
2.40370
2.53656
2.43511
2.56763
2.46507
2.59765
2.49415
2.62564
2.52247
2.65523
2.55053
2.68206
2.57597
2.70685
2.59960
2.72944
2.62175
2.75157
2.64386
2.77408
2.66601
2.79620
2.68708
2.81662
2.70648
2.83566
2.72499
2.85374
2.74262
2.87145
2.75906
2.88700
2.77312
2.89974
2.78547
2.91186
2.79729
2.92340
2.80863
2.93475
2.81998
2.94617
2.83079
2.95670
2.84191
2.96802
2.85259
2.97835
2.86311
2.98937
2.87498
3.00150
2.88756
3.01423
2.90076
3.02793
2.91495
3.04274
2.93015
3.05865
2.94639
3.07471
2.96291
3.09210
2.98069
3.10998
3.00067
3.13069
3.02029
3.15062
3.04103
3.17212
3.06344
3.19516
3.08722
3.21981
3.11213
3.24489
3.13843
3.27213
3.16479
3.29767
3.19028
3.32337
3.21569
3.34855
3.24169
3.37529
3.26990
3.40433
3.29877
3.43329
3.32813
3.46316
3.35847
3.49385
3.39021
3.52626
3.42198
3.55777
3.45446
3.59100
3.48768
3.62434
3.52186
3.65877
3.55833
3.69734
3.59682
3.73621
3.63628
3.77604
3.67624
3.81632
3.71742
3.85799
3.75960
3.90110
3.80424
3.94566
3.84713
3.98835
3.88961
4.03118
3.93273
4.07363
3.97598
4.11812
4.02384
4.16807
4.06963
4.21141
4.11594
4.25937
4.15971
4.30094
4.20528
4.34763
4.24677
4.38682
4.28506
4.42499
4.32641
4.46738
4.36097
4.49926
4.39931
4.53966
4.43745
4.57752
4.47075
4.60870
4.50213
4.64048
4.53871
4.67785
4.57252
4.71053
4.60373
4.74120
4.63404
4.77068
4.66240
4.79831
4.68940
4.82458
4.71625
4.85147
4.74000
4.87422
4.76229
4.89625
4.78441
4.91779
4.80552
4.93856
4.82651
4.95932
4.84538
4.97725
4.86377
4.99619
4.88131
5.01287
4.89694
5.02776
4.91023
5.03991
4.92035
5.04870
4.93231
5.06139
4.94250
5.07031
4.95210
5.08015
4.96244
5.09066
4.97065
5.09827
4.98376
5.11263
4.98872
5.11415
4.99181
5.11722
4.99461
5.11988
4.99672
5.12177
4.99844
5.12333
4.99835
5.12311
4.99796
5.12250
4.99743
5.12118
4.99585
5.11908
4.99288
5.11548
4.98880
5.12386
5.02146
5.13903
5.00734
5.12382
4.98889
5.10457
4.97495
5.09247
4.95741
5.07204
4.93799
5.05358
4.91857
5.03456
4.90067
5.01633
4.88164
4.99678
4.86134
4.97588
4.83770
4.95102
4.81392
4.92657
4.79193
4.90617
4.76980
4.88332
4.74379
4.85578
4.71732
4.82860
4.69025
4.80240
4.66484
4.77622
4.63783
4.74793
4.60435
4.71232
4.56924
4.67739
4.53726
4.64713
4.50660
4.61648
4.47455
4.58255
4.44160
4.54961
4.40828
4.51725
4.37635
4.48534
4.34452
4.45388
4.31555
4.42533
4.28724
4.39663
4.25788
4.36810
4.23040
4.34141
4.20469
4.31668
4.18109
4.29388
4.16086
4.27541
4.14100
4.25490
4.12226
4.23781
4.10695
4.22233
4.09044
4.20647
4.07506
4.19120
4.05995
4.17599
4.04372
4.16004
4.02811
4.14464
4.01351
4.13063
4.00314
4.12312
3.99460
4.11282
3.98692
4.10634
3.97728
4.09623
3.97271
4.09369
3.96819
4.08920
3.96357
4.08358
3.95849
4.07900
3.95713
4.07957
3.95766
4.08076
3.95961
4.08355
3.96365
4.08834
3.96910
4.09493
3.97745
4.10310
3.98520
4.11141
3.99543
4.12287
4.00681
4.13553
4.02240
4.15291
4.04027
4.17102
4.05987
4.19171
4.08030
4.21224
4.10452
4.23827
4.13044
4.26494
4.15768
4.29307
4.18752
4.32335
4.21784
4.35437
4.24921
4.38619
4.28208
4.41967
4.31586
4.45446
4.35141
4.49039
4.38739
4.52671
4.42599
4.56611
4.46429
4.60468
4.50295
4.64360
4.54190
4.68249
4.58132
4.72262
4.62165
4.76303
4.66215
4.80384
4.70232
4.84367
4.74147
4.88272
4.78052
4.92180
4.81863
4.95934
4.85544
4.99556
4.89082
5.03022
4.92458
5.06318
4.95609
5.09377
4.98564
5.12259
5.01372
5.15001
5.03943
5.17471
5.06339
5.19813
5.08466
5.21794
5.10407
5.23676
5.12111
5.25236
5.13480
5.26466
5.14619
5.27494
5.15527
5.28309
5.16196
5.28865
5.16659
5.29247
5.16904
5.29399
5.16939
5.29335
5.16745
5.29040
5.16363
5.28565
5.15774
5.27878
5.14977
5.26985
5.14024
5.25980
5.12911
5.24812
5.11662
5.23474
5.10210
5.21959
5.08658
5.20330
5.06888
5.18450
5.04986
5.16475
5.02847
5.14248
5.00597
5.11951
4.98223
5.09505
4.95673
5.06874
4.93005
5.04155
4.90196
5.01967
4.86858
4.96669
4.81890
4.92097
4.78330
4.89709
4.75830
4.87885
4.75379
4.87069
4.71511
4.81003
4.65792
4.75554
4.63237
4.75409
4.62470
4.72909
4.55765
4.65224
4.52653
4.63409
4.46367
4.55981
4.40806
4.50662
4.35632
4.45658
4.30737
4.40906
4.26110
4.36357
4.21587
4.31928
4.17121
4.27490
4.12728
4.23065
4.08209
4.18497
4.03625
4.13940
3.99106
4.09427
3.94610
4.04937
3.90094
4.00439
3.85597
3.95944
3.81046
3.91379
3.76479
3.86779
3.71919
3.82235
3.67446
3.77827
3.63097
3.73495
3.58602
3.68928
3.54120
3.64431
3.49567
3.59966
3.45364
3.55879
3.41251
3.51734
3.37158
3.47721
3.33312
3.43904
3.29592
3.40323
3.26205
3.37081
3.22858
3.33646
3.19609
3.30549
3.16553
3.27562
3.13635
3.24673
3.10824
3.21904
3.08138
3.19255
3.05605
3.16837
3.03260
3.14450
3.01143
3.12563
2.99246
3.10661
2.97609
3.09149
2.95918
3.07431
2.94530
3.06293
2.93442
3.05169
2.92353
3.04159
2.91327
3.03164
2.90340
3.02127
2.89292
3.01115
2.88258
3.00018
2.87174
2.98992
2.86127
2.97790
2.84913
2.96619
2.83792
2.95532
2.82747
2.94487
2.81841
2.93730
2.81026
2.92776
2.80040
2.91778
2.79096
2.90912
2.78261
2.90090
2.77469
2.89298
2.76717
2.88576
2.75993
2.87829
2.75274
2.87142
2.74608
2.86512
2.73964
2.85887
2.73302
2.85211
2.72530
2.84384
2.71611
2.83394
2.70525
2.82228
2.69261
2.80881
2.67817
2.79354
2.66198
2.77653
2.64408
2.75786
2.62457
2.73762
2.60353
2.71591
2.58107
2.69281
2.55727
2.66840
2.53220
2.64276
2.50592
2.61593
2.47870
2.58829
2.45029
2.55930
2.42071
2.52917
2.39000
2.49792
2.35819
2.46556
2.32528
2.43209
2.29126
2.39749
2.25613
2.36176
2.21986
2.32487
2.18244
2.28681
2.14385
2.24723
2.10387
2.20706
2.06316
2.16552
2.02108
2.12260
1.97787
2.07867
1.93324
2.03303
1.88734
1.98629
1.83992
1.93729
1.79060
1.88708
1.74008
1.83550
1.68818
1.78238
1.63475
1.72759
1.57990
1.67145
1.52352
1.61344
1.46527
1.55267
1.40447
1.49016
1.34193
1.42540
1.27737
1.35954
1.21148
1.28960
1.14129
1.21586
1.06774
1.13924
0.99065
1.05625
0.90711
0.97170
0.82067
0.86467
0.71061
0.89579
0.73932
0.45073
0.35974
0.25214
0.17356
-0.13586
-0.17058
-0.00298
-0.05313
-0.38398
-0.41198
-0.39023
-0.36925
-0.60389
-0.56890
-0.64858
-0.59019
-0.73162
-0.66934
-0.78828
-0.71962
-0.84515
-0.77337
-0.89850
-0.82374
-0.94990
-0.87303
-1.00138
-0.92240
-1.05110
-0.97134
-1.10222
-1.02016
-1.15079
-1.06806
-1.19999
-1.11567
-1.24845
-1.16286
-1.29552
-1.20900
-1.34279
-1.25642
-1.39229
-1.30324
-1.43720
-1.34807
-1.48525
-1.39273
-1.52596
-1.43304
-1.56871
-1.47325
-1.60635
-1.51011
-1.64401
-1.54574
-1.67844
-1.57862
-1.71047
-1.60974
-1.74117
-1.63973
-1.77081
-1.66889
-1.80066
-1.69910
-1.83035
-1.72784
-1.85910
-1.75646
-1.88849
-1.78577
-1.91863
-1.81487
-1.94690
-1.84178
-1.97321
-1.86845
-2.00199
-1.89479
-2.02428
-1.91642
-2.04603
-1.93847
-2.06997
-1.96125
-2.08979
-1.98189
-2.11285
-2.00444
-2.13427
-2.02446
-2.15423
-2.04456
-2.17503
-2.06557
-2.19457
-2.08356
-2.21244
-2.10144
-2.23011
-2.11956
-2.24887
-2.13827
-2.26841
-2.15847
-2.28768
-2.17659
-2.30701
-2.19492
-2.32305
-2.21130
-2.34045
-2.22775
-2.35768
-2.24628
-2.37486
-2.26241
-2.38977
-2.27779
-2.40775
-2.29411
-2.42272
-2.31207
-2.44192
-2.32977
-2.45906
-2.34779
-2.47733
-2.36649
-2.49642
-2.38487
-2.51431
-2.40550
-2.53828
-2.43072
-2.56383
-2.45539
-2.58751
-2.47754
-2.60874
-2.50091
-2.63323
-2.52547
-2.65808
-2.54998
-2.68278
-2.57458
-2.70752
-2.60056
-2.73430
-2.62786
-2.76202
-2.65650
-2.79138
-2.68678
-2.82225
-2.71833
-2.85451
-2.75122
-2.88831
-2.78527
-2.92267
-2.81921
-2.95629
-2.85311
-2.99066
-2.88771
-3.02511
-2.92325
-3.06155
-2.96019
-3.09849
-2.99622
-3.13441
-3.03363
-3.17313
-3.07236
-3.21199
-3.11135
-3.25103
-3.15104
-3.29128
-3.19182
-3.33229
-3.23272
-3.37354
-3.27404
-3.41509
-3.31560
-3.45692
-3.35824
-3.49980
-3.40056
-3.54202
-3.44345
-3.58519
-3.48704
-3.62944
-3.53296
-3.67671
-3.58137
-3.72576
-3.63195
-3.77762
-3.68356
-3.82985
-3.73665
-3.88343
-3.79293
-3.94177
-3.85259
-4.00269
-3.91482
-4.06637
-3.97910
-4.13172
-4.04565
-4.19937
-4.11224
-4.26664
-4.18133
-4.33709
-4.25183
-4.40844
-4.32415
-4.48193
-4.39864
-4.55769
-4.47464
-4.63488
-4.55190
-4.71322
-4.63178
-4.79430
-4.71362
-4.87703
-4.79651
-4.96073
-4.87982
-5.04462
-4.96336
-5.12922
-5.04885
-5.21591
-5.13559
-5.30371
-5.22376
-5.39330
-5.31366
-5.48462
-5.40432
-5.57670
-5.49806
-5.67189
-5.59153
-5.76570
-5.68417
-5.85899
-5.77663
-5.95216
-5.86823
-6.04395
-5.96018
-6.13634
-6.05031
-6.22679
-6.14012
-6.31698
-6.22782
-6.40524
-6.31475
-6.49280
-6.39942
-6.57746
-6.48409
-6.66286
-6.56687
-6.74556
-6.64699
-6.82488
-6.72466
-6.90203
-6.79840
-6.97494
-6.86851
-7.04405
-6.93511
-7.10985
-6.99834
-7.17224
-7.05813
-7.23120
-7.11436
-7.28641
-7.16673
-7.33729
-7.21440
-7.38305
-7.25665
-7.42325
-7.29344
-7.45774
-7.32533
-7.48755
-7.35196
-7.51198
-7.37276
-7.53041
-7.39051
-7.54579
-7.40339
-7.55609
-7.40924
-7.55942
-7.40965
-7.55744
-7.40670
-7.55169
-7.43579
-7.60642
-7.49290
-7.68610
-7.58252
-7.79419
-7.69745
-7.92392
-7.83148
-8.06955
-7.97921
-8.22614
-8.13603
-8.38956
-8.29810
-8.55643
-8.46235
-8.72409
-8.96635
-9.18832
-9.39147
-9.57716
-9.74674
-9.90156
-10.04293
-10.17213
-10.29037
-10.39880
-10.49853
-10.59056
-10.67586
-10.75532
-10.82974
-10.89990
-10.96648
-11.03011
-11.09137
-11.15076
-11.20876
-11.26576
-11.32214
-11.37820
-11.43422
-11.49042
-11.54700
-11.60411
-11.66188
-11.72040
-11.77974
-11.83996
-11.90108
-11.96311
-12.02604
-12.08986
-12.15453
-12.22002
-12.28628
-12.35326
-12.42091
-12.48916
-12.55797
-12.62726
-12.69700
-12.76710
-12.83754
-12.90824
-12.97916
-13.05026
-13.12149
-13.19281
-13.26419
-13.33559
-13.40700
-13.47838
-13.54971
-13.62097
-13.69216
-13.76326
-13.83426
-13.90515
-13.97594
-14.04661
-14.11717
-14.18762
-14.25795
-14.32818
-14.39831
-14.46834
-14.53827
-14.60812
-14.67788
-14.74757
-14.81718
-14.88672
-14.95620
-15.02562
-15.09499
-15.16430
-15.23357
-15.30280
-15.37198
-15.44113
-15.51024
-15.57931
-15.64836
-15.71736
-15.78634
-15.85528
-15.92420
-15.99308
-16.06193
-16.13075
-16.19954
-16.26830
-16.33702
-16.40571
-16.47436
-16.54298
-16.61156
-16.68010
-16.74860
-16.81706
-16.88548
-16.95386
-17.02219
-17.09048
-17.15872
-17.22691
-17.29505
-17.36314
-17.43118
-17.49916
-17.56710
-17.63497
-17.70279
-17.77055
-17.83826
-17.90590
-17.97349
-18.04101
-18.10848
-18.17588
-18.24322
-18.31049
-18.37770
-18.44485
-18.51193
-18.57894
-18.64589
-18.71277
-18.77958
-18.84633
-18.91301
-18.97961
-19.04615
-19.11262
-19.17902
-19.24535
-19.31161
-19.37780
-19.44392
-19.50996
-19.57593
-19.64183
-19.70765
-19.77340
-19.83907
-19.90467
-19.97019
-20.00000
-20.00000
-20.00000
-20.00000
-20.00000
-20.00000
-20.00000
-20.00000
-20.00000
-20.00000
-20.00000
-20.00000
-20.00000
-20.00000
-20.00000
-20.00000
-20.00000
-20.00000
-20.00000
-20.00000
-20.00000
-20.00000
-20.00000
-20.00000
-20.00000
-20.00000
-20.00000
-20.00000
-20.00000
-20.00000
-20.00000
-20.00000
-20.00000
-20.00000
-20.00000
-20.00000
-20.00000
-20.00000
-20.00000
-20.00000
-20.00000
-20.00000
-20.00000
-20.00000
-20.00000
-20.00000
-20.00000
-20.00000
-20.00000
-20.00000
-20.00000
-20.00000
-20.00000
-20.00000
-20.00000
-20.00000
-20.00000
-20.00000
-20.00000
-20.00000
-20.00000
-20.00000
-20.00000
-20.00000
-20.00000
-20.00000
-20.00000
-20.00000
-20.00000
-20.00000
-20.00000
-20.00000
-20.00000
-20.00000
-20.00000
-20.00000
-20.00000
-20.00000
-20.00000
-20.00000
-20.00000
-20.00000
-20.00000
-20.00000
-20.00000
-20.00000
-20.00000
-20.00000
-20.00000
-20.00000
-20.00000
-20.00000
-20.00000
-20.00000
-20.00000
-20.00000
-20.00000
-20.00000
-20.00000
-20.00000
-20.00000
-20.00000
-20.00000
-20.00000
-20.00000
-20.00000
-20.00000
-20.00000
-20.00000
-20.00000
-20.00000
-20.00000
-20.00000
-20.00000
-20.00000
-20.00000
-20.00000
-20.00000
-20.00000
-20.00000
-20.00000
-20.00000
-20.00000
-20.00000
-20.00000
-20.00000
-20.00000
-20.00000
-20.00000
-20.00000
-20.00000
-20.00000
-20.00000
-20.00000
-20.00000
-20.00000
-20.00000
-20.00000
-20.00000
-20.00000
-20.00000
-20.00000
-20.00000
-20.00000
-20.00000
-20.00000
-20.00000
-20.00000
-20.00000
-20.00000
-20.00000
-20.00000
-20.00000
-20.00000
-20.00000
-20.00000
-20.00000
-20.00000
-20.00000
-20.00000
-20.00000
-20.00000
-20.00000
-20.00000
-20.00000
-20.00000
-20.00000
-20.00000
-20.00000
-20.00000
-20.00000
-20.00000
-20.00000
-20.00000
-20.00000
-20.00000
-20.00000
-20.00000
-20.00000
-20.00000
-20.00000
-20.00000
-20.00000
-20.00000
-20.00000
-20.00000
-20.00000
-20.00000
-20.00000
-20.00000
-20.00000
-20.00000
-20.00000
-20.00000
-20.00000
-20.00000
-20.00000
-20.00000
-20.00000
-20.00000
-20.00000
-20.00000
-20.00000
-20.00000
-20.00000
-20.00000
-20.00000
-20.00000
-20.00000
-20.00000
-20.00000
-20.00000
-20.00000
-20.00000
-20.00000
-20.00000
-20.00000
-20.00000
-20.00000
-20.00000
-20.00000
-20.00000
-20.00000
-20.00000
-20.00000
-20.00000
-20.00000
-20.00000
-20.00000
-20.00000
-20.00000
-20.00000
-20.00000
-20.00000
-20.00000
-20.00000
-20.00000
-20.00000
-20.00000
-20.00000
-20.00000
-20.00000
-20.00000
-20.00000
-20.00000
-20.00000
-20.00000
-20.00000
-20.00000
-20.00000
-20.00000
-20.00000
-20.00000
-20.00000
-20.00000
-20.00000
-20.00000
-20.00000
-20.00000
-20.00000
-20.00000
-20.00000
-20.00000
-20.00000
-20.00000
-20.00000
-20.00000
-20.00000
-20.00000
-20.00000
-20.00000
-20.00000
-20.00000
-20.00000
-20.00000
-20.00000
-20.00000
-20.00000
-20.00000
-20.00000
-20.00000
-20.00000
-20.00000
-20.00000
-20.00000
-20.00000
-20.00000
-20.00000
-20.00000
-20.00000
-20.00000
-20.00000
-20.00000
-20.00000
-20.00000
-20.00000
-20.00000
-20.00000
-20.00000
-20.00000
-20.00000
-20.00000
-20.00000
-20.00000
-20.00000
-20.00000
-20.00000
-20.00000
-20.00000
-20.00000
-20.00000
-20.00000
-20.00000
-20.00000
-20.00000
-20.00000
-20.00000
-20.00000
-20.00000
-20.00000
-20.00000
-20.00000
-20.00000
-20.00000
-20.00000
-20.00000
-20.00000
-20.00000
-20.00000
-20.00000
-20.00000
-20.00000
-20.00000
-20.00000
-20.00000
-20.00000
-20.00000
-20.00000
-20.00000
-20.00000
-20.00000
-20.00000
-20.00000
-20.00000
-20.00000
-20.00000
-20.00000
-20.00000
-20.00000
-20.00000
-20.00000
-20.00000
-20.00000
-20.00000
-20.00000
-20.00000
-20.00000
-20.00000
-20.00000
-20.00000
-20.00000
-20.00000
-20.00000
-20.00000
-20.00000
-20.00000
-20.00000
-20.00000
-20.00000
-20.00000
-20.00000
-20.00000
-20.00000
-20.00000
-20.00000
-20.00000
-20.00000
-20.00000
-20.00000
-20.00000
-20.00000
-20.00000
-20.00000
-20.00000
-20.00000
-20.00000
-20.00000
-20.00000
-20.00000
-20.00000
-20.00000
-20.00000
-20.00000
