0.0565927,-0.0169199,1.85372e-06,5.54219e-07
0.0565927,-0.0170843,8.58215e-06,2.57125e-06
0.0565927,-0.0167555,2.01229e-05,6.03043e-06
0.0567571,-0.0170843,3.42947e-05,1.02711e-05
0.0569215,-0.0170843,4.94638e-05,1.48097e-05
0.057086,-0.016591,6.488e-05,1.9441e-05
0.0565927,-0.0170843,8.08305e-05,2.42549e-05
0.0567571,-0.0169199,9.78814e-05,2.93948e-05
0.0564283,-0.0170843,0.000116336,3.4935e-05
0.0564283,-0.0174132,0.000136303,4.08926e-05
0.0562638,-0.0172487,0.00015775,4.72434e-05
0.0562638,-0.0174132,0.000180538,5.39579e-05
0.0564283,-0.0170843,0.000204463,6.09981e-05
0.0560994,-0.0170843,0.000229291,6.83226e-05
0.0564283,-0.0170843,0.00025479,7.58732e-05
0.0562638,-0.0172487,0.00028072,8.35726e-05
0.0565927,-0.0172487,0.000306862,9.13452e-05
0.0565927,-0.0169199,0.000333016,9.91427e-05
0.0565927,-0.0170843,0.000359022,0.000106933
0.0562638,-0.0172487,0.000384772,0.000114663
0.0562638,-0.0169199,0.000410187,0.000122293
0.0562638,-0.0169199,0.000435194,0.000129813
0.0564283,-0.017742,0.000459743,0.000137233
0.0560994,-0.0170843,0.000483821,0.000144562
0.0557706,-0.0170843,0.000507425,0.000151768
0.0557706,-0.0175776,0.000530554,0.000158846
0.0556062,-0.0180709,0.000553229,0.000165846
0.0554417,-0.0172487,0.00057546,0.000172783
0.0556062,-0.0179064,0.000597261,0.000179631
0.0557706,-0.0174132,0.00061866,0.000186375
0.0560994,-0.0172487,0.00063969,0.000193009
0.0564283,-0.0167555,0.000660379,0.000199544
0.0560994,-0.0172487,0.000680727,0.00020599
0.0562638,-0.0175776,0.000700698,0.000212327
0.0562638,-0.0174132,0.000720271,0.000218547
0.0557706,-0.0175776,0.000739436,0.000224651
0.0560994,-0.0175776,0.000758181,0.000230637
0.0557706,-0.0170843,0.000776503,0.000236512
0.055935,-0.0172487,0.000794405,0.000242282
0.0560994,-0.017742,0.000811883,0.000247947
0.0557706,-0.0174132,0.000828944,0.000253506
0.0557706,-0.0172487,0.000845603,0.000258951
0.0556062,-0.0175776,0.000861866,0.000264281
0.0552773,-0.0180709,0.000877749,0.000269515
0.0557706,-0.017742,0.000893265,0.000274662
0.0556062,-0.0174132,0.000908396,0.00027971
0.0556062,-0.0174132,0.000923126,0.000284658
0.0557706,-0.0180709,0.000937463,0.000289518
0.0556062,-0.0175776,0.000951418,0.000294292
0.054784,-0.017742,0.000965012,0.000298965
0.0552773,-0.0180709,0.000978269,0.000303526
0.0551129,-0.0180709,0.000991168,0.000307984
0.0552773,-0.0179064,0.0010037,0.000312339
0.0549485,-0.0180709,0.00101587,0.000316582
0.0552773,-0.0179064,0.00102769,0.000320713
0.0556062,-0.0180709,0.00103918,0.000324735
0.0556062,-0.0179064,0.00105038,0.000328647
0.0554417,-0.0180709,0.00106126,0.000332453
0.0556062,-0.017742,0.00107182,0.000336158
0.0557706,-0.0175776,0.00108205,0.000339784
0.0557706,-0.0175776,0.00109197,0.000343341
0.055935,-0.0175776,0.00110158,0.00034682
0.0554417,-0.017742,0.00111088,0.000350206
0.0556062,-0.017742,0.00111987,0.000353493
0.0551129,-0.0183997,0.00112858,0.000356699
0.0546196,-0.0182353,0.00113704,0.000359857
0.054784,-0.0182353,0.00114526,0.000362958
0.054784,-0.0180709,0.00115323,0.000365975
0.054784,-0.0185641,0.0011609,0.000368906
0.0542908,-0.0185641,0.00116829,0.000371764
0.0544552,-0.0187285,0.0011754,0.00037455
0.0542908,-0.018893,0.00118222,0.000377262
0.0544552,-0.018893,0.00118876,0.000379894
0.0537975,-0.0193862,0.00119501,0.000382448
0.0542908,-0.0190574,0.00120102,0.000384934
0.0542908,-0.0190574,0.00120678,0.000387348
0.0542908,-0.018893,0.0012123,0.000389691
0.0541263,-0.0187285,0.00121757,0.000391986
0.0544552,-0.0185641,0.00122259,0.000394249
0.0542908,-0.0190574,0.00122737,0.00039647
0.0539619,-0.0190574,0.00123192,0.000398613
0.0536331,-0.0193862,0.00123622,0.000400667
0.0539619,-0.0197151,0.00124029,0.000402659
0.0539619,-0.0192218,0.00124412,0.000404602
0.0536331,-0.0192218,0.0012477,0.000406485
0.0541263,-0.0192218,0.00125106,0.000408298
0.0537975,-0.0192218,0.00125419,0.00041004
0.0539619,-0.0193862,0.00125709,0.000411706
0.0541263,-0.0190574,0.00125977,0.000413295
0.0544552,-0.0193862,0.00126225,0.000414818
0.0542908,-0.0190574,0.00126454,0.000416274
0.0542908,-0.0190574,0.00126662,0.000417668
0.0544552,-0.0190574,0.0012685,0.000418999
0.0546196,-0.0190574,0.00127016,0.000420258
0.0539619,-0.0183997,0.00127164,0.000421461
0.0544552,-0.0190574,0.00127294,0.000422632
0.0541263,-0.0187285,0.00127405,0.000423757
0.0542908,-0.0187285,0.00127497,0.000424813
0.054784,-0.018893,0.0012757,0.000425796
0.0544552,-0.0190574,0.00127625,0.00042672
0.054784,-0.0180709,0.00127662,0.000427614
0.0544552,-0.0187285,0.00127681,0.00042849
0.0542908,-0.018893,0.00127683,0.000429334
0.0537975,-0.0190574,0.0012767,0.000430143
0.0541263,-0.018893,0.00127644,0.000430917
0.0542908,-0.0193862,0.00127603,0.000431655
0.0537975,-0.0195507,0.00127544,0.000432376
0.0537975,-0.0195507,0.00127471,0.000433084
0.0539619,-0.0192218,0.00127382,0.000433757
0.0539619,-0.0195507,0.00127276,0.000434377
0.0534686,-0.0197151,0.00127154,0.000434939
0.0531398,-0.0202084,0.00127019,0.000435456
0.0531398,-0.0200439,0.00126872,0.00043594
0.0529754,-0.0195507,0.00126711,0.000436388
0.0533042,-0.0197151,0.00126537,0.000436809
0.0531398,-0.0200439,0.00126349,0.000437194
0.0533042,-0.0195507,0.00126149,0.000437534
0.0536331,-0.0197151,0.00125937,0.000437845
0.0539619,-0.0195507,0.00125717,0.00043813
0.0541263,-0.0190574,0.00125492,0.000438401
0.0537975,-0.0190574,0.0012526,0.000438678
0.0541263,-0.0195507,0.00125017,0.000438948
0.0542908,-0.0190574,0.00124763,0.000439183
0.0544552,-0.0187285,0.00124499,0.000439388
0.0551129,-0.0192218,0.00124226,0.000439571
0.0552773,-0.0182353,0.00123947,0.000439737
0.054784,-0.0187285,0.0012366,0.000439892
0.0544552,-0.0192218,0.00123365,0.000440027
0.0542908,-0.0187285,0.00123064,0.000440139
0.0544552,-0.0190574,0.00122757,0.000440219
0.0541263,-0.0192218,0.00122445,0.000440276
0.0537975,-0.0197151,0.00122128,0.00044034
0.0541263,-0.0193862,0.00121806,0.000440417
0.0537975,-0.0192218,0.00121477,0.000440471
0.0539619,-0.0195507,0.00121139,0.000440474
0.0539619,-0.0192218,0.0012079,0.000440432
0.0537975,-0.0192218,0.00120429,0.00044035
0.0539619,-0.0195507,0.00120057,0.000440223
0.0536331,-0.0197151,0.00119674,0.000440055
0.0537975,-0.0197151,0.00119282,0.000439846
0.0539619,-0.0193862,0.0011888,0.000439598
0.0537975,-0.0197151,0.00118469,0.000439311
0.0542908,-0.0197151,0.00118051,0.000438975
0.0537975,-0.0197151,0.00117626,0.00043858
0.0536331,-0.0205372,0.00117193,0.000438152
0.0536331,-0.0197151,0.00116752,0.000437725
0.0542908,-0.0193862,0.00116303,0.000437309
0.0541263,-0.0198795,0.00115849,0.000436888
0.0539619,-0.0197151,0.00115389,0.000436434
0.0541263,-0.0198795,0.0011492,0.000435934
0.0541263,-0.0200439,0.00114442,0.000435386
0.0542908,-0.0202084,0.00113957,0.000434797
0.0536331,-0.0197151,0.00113466,0.000434184
0.0541263,-0.0198795,0.0011297,0.000433549
0.0537975,-0.0202084,0.00112469,0.000432884
0.0544552,-0.0195507,0.00111962,0.000432199
0.0546196,-0.0195507,0.00111452,0.000431512
0.0536331,-0.0197151,0.00110941,0.000430813
0.0541263,-0.0203728,0.00110428,0.000430097
0.0536331,-0.0198795,0.0010991,0.000429371
0.0536331,-0.0205372,0.00109389,0.000428635
0.0537975,-0.0200439,0.00108864,0.000427891
0.0542908,-0.0200439,0.00108334,0.000427123
0.0546196,-0.0192218,0.00107802,0.000426343
0.0541263,-0.0190574,0.00107269,0.0004256
0.0549485,-0.0192218,0.00106734,0.000424896
0.0544552,-0.0193862,0.00106197,0.000424186
0.0546196,-0.0195507,0.00105655,0.000423442
0.0546196,-0.0195507,0.00105107,0.000422671
0.0549485,-0.0198795,0.00104554,0.00042189
0.0549485,-0.0193862,0.00103996,0.000421104
0.054784,-0.0192218,0.00103433,0.000420295
0.054784,-0.018893,0.00102867,0.000419464
0.0546196,-0.0195507,0.00102297,0.00041863
0.0546196,-0.0198795,0.00101726,0.000417808
0.0546196,-0.0198795,0.00101153,0.000417008
0.0544552,-0.0198795,0.00100578,0.000416219
0.0546196,-0.0195507,0.001,0.000415419
0.0549485,-0.0195507,0.000994203,0.000414593
0.0549485,-0.0193862,0.000988376,0.000413739
0.0549485,-0.0195507,0.000982521,0.000412861
0.0549485,-0.0193862,0.000976631,0.000411951
0.0546196,-0.0195507,0.00097071,0.000411008
0.0551129,-0.0192218,0.000964772,0.000410037
0.0552773,-0.0190574,0.000958825,0.00040905
0.0556062,-0.0192218,0.00095288,0.000408052
0.0552773,-0.0190574,0.000946936,0.000407028
0.055935,-0.0190574,0.000940986,0.000405971
0.0556062,-0.018893,0.000935033,0.000404884
0.0551129,-0.0187285,0.000929078,0.000403771
0.0554417,-0.0192218,0.00092313,0.000402648
0.0556062,-0.0187285,0.000917172,0.00040152
0.0557706,-0.0180709,0.000911185,0.000400396
0.0560994,-0.0192218,0.000905179,0.000399304
0.0554417,-0.0193862,0.00089918,0.000398266
0.0554417,-0.018893,0.000893202,0.00039726
0.0549485,-0.0192218,0.000887258,0.000396249
0.0549485,-0.0193862,0.000881364,0.000395233
0.0544552,-0.0200439,0.000875525,0.000394243
0.0541263,-0.0197151,0.000869753,0.000393291
0.0542908,-0.0193862,0.000864036,0.000392349
0.0541263,-0.0198795,0.000858339,0.000391394
0.0537975,-0.0197151,0.000852642,0.000390421
0.0542908,-0.0197151,0.000846954,0.000389423
0.0544552,-0.0193862,0.000841294,0.00038841
0.0546196,-0.0197151,0.000835681,0.000387396
0.0546196,-0.0195507,0.000830124,0.000386369
0.0542908,-0.0195507,0.0008246,0.000385327
0.0544552,-0.0190574,0.000819081,0.000384289
0.0549485,-0.0193862,0.00081358,0.000383263
0.0549485,-0.0192218,0.000808121,0.000382233
0.0549485,-0.018893,0.000802699,0.000381195
0.054784,-0.0187285,0.000797282,0.000380168
0.0549485,-0.0192218,0.000791851,0.00037915
0.0552773,-0.0193862,0.000786409,0.000378137
0.0552773,-0.0187285,0.000780971,0.000377131
0.0549485,-0.0187285,0.000775538,0.000376122
0.0556062,-0.0185641,0.000770117,0.000375101
0.0544552,-0.0190574,0.000764738,0.000374071
0.0554417,-0.0187285,0.000759418,0.000373037
0.0551129,-0.0187285,0.000754129,0.000371981
0.0556062,-0.0185641,0.000748847,0.000370893
0.0549485,-0.018893,0.000743584,0.000369784
0.0542908,-0.0193862,0.000738374,0.000368687
0.0544552,-0.0192218,0.000733243,0.000367624
0.0542908,-0.0190574,0.000728173,0.000366575
0.0539619,-0.0193862,0.000723148,0.000365515
0.0541263,-0.0193862,0.000718157,0.000364449
0.0539619,-0.0192218,0.000713176,0.000363371
0.0541263,-0.0192218,0.000708192,0.000362271
0.0541263,-0.0190574,0.000703209,0.000361153
0.0544552,-0.0190574,0.000698246,0.000360029
0.0541263,-0.0190574,0.000693315,0.000358899
0.0542908,-0.0190574,0.000688404,0.000357756
0.0549485,-0.0192218,0.000683529,0.000356595
0.0552773,-0.0183997,0.000678739,0.000355434
0.0551129,-0.0183997,0.000674037,0.000354307
0.0549485,-0.0182353,0.000669378,0.000353218
0.0549485,-0.0182353,0.000664717,0.000352148
0.0552773,-0.0183997,0.000660046,0.000351075
0.0546196,-0.0187285,0.000655389,0.000349997
0.0551129,-0.0187285,0.000650758,0.000348933
0.0552773,-0.0185641,0.00064613,0.000347881
0.0549485,-0.0190574,0.000641501,0.00034684
0.0544552,-0.0187285,0.000636903,0.000345816
0.0554417,-0.0183997,0.000632362,0.000344794
0.0554417,-0.0185641,0.000627864,0.000343756
0.0554417,-0.0185641,0.000623383,0.00034269
0.0556062,-0.0179064,0.000618908,0.000341612
0.0560994,-0.0179064,0.000614451,0.000340555
0.0562638,-0.017742,0.000610036,0.000339524
0.0564283,-0.017742,0.000605663,0.000338503
0.0565927,-0.0175776,0.000601322,0.000337478
0.0564283,-0.0175776,0.000596997,0.000336439
0.0564283,-0.0180709,0.000592681,0.000335393
0.0560994,-0.0182353,0.000588388,0.000334374
0.0554417,-0.0182353,0.000584167,0.000333397
0.0551129,-0.0190574,0.000580069,0.000332477
0.0554417,-0.0182353,0.000576088,0.000331616
0.0552773,-0.0190574,0.000572174,0.000330785
0.0549485,-0.018893,0.000568305,0.000329976
0.0556062,-0.0185641,0.000564479,0.000329179
0.0551129,-0.0185641,0.000560681,0.000328378
0.0552773,-0.0192218,0.000556888,0.000327578
0.0549485,-0.0187285,0.000553094,0.000326785
0.0552773,-0.0183997,0.000549305,0.000326008
0.0557706,-0.0182353,0.000545549,0.000325266
0.0562638,-0.0180709,0.000541873,0.00032457
0.0564283,-0.0180709,0.000538304,0.000323911
0.0556062,-0.0185641,0.000534817,0.000323269
0.0560994,-0.0182353,0.000531363,0.000322621
0.0557706,-0.0183997,0.000527919,0.000321955
0.0562638,-0.0185641,0.000524485,0.00032127
0.0557706,-0.0180709,0.000521067,0.000320578
0.0562638,-0.017742,0.000517667,0.000319892
0.0565927,-0.0179064,0.000514282,0.000319214
0.057086,-0.0170843,0.00051093,0.00031855
0.057086,-0.0170843,0.000507626,0.000317922
0.057086,-0.0175776,0.00050435,0.000317325
0.0567571,-0.0172487,0.000501085,0.000316723
0.057086,-0.017742,0.000497831,0.000316112
0.057086,-0.0172487,0.00049458,0.000315504
0.0569215,-0.0175776,0.000491336,0.000314892
0.0569215,-0.0179064,0.000488115,0.000314294
0.0572504,-0.0180709,0.000484913,0.000313739
0.0565927,-0.0183997,0.000481726,0.000313238
0.0562638,-0.0183997,0.000478597,0.000312787
0.0564283,-0.0185641,0.000475543,0.000312369
0.0564283,-0.0185641,0.000472534,0.000311962
0.0560994,-0.0187285,0.00046955,0.000311547
0.0560994,-0.0185641,0.000466592,0.000311115
0.0565927,-0.0183997,0.000463658,0.000310671
0.057086,-0.0182353,0.000460767,0.000310233
0.0565927,-0.0182353,0.000457927,0.000309817
0.0564283,-0.0183997,0.000455103,0.000309412
0.0567571,-0.0182353,0.000452276,0.000309003
0.057086,-0.0182353,0.000449467,0.000308588
0.057086,-0.0179064,0.000446696,0.000308176
0.0569215,-0.0180709,0.000443946,0.000307769
0.0569215,-0.0179064,0.000441189,0.000307357
0.0567571,-0.0180709,0.000438422,0.000306927
0.0564283,-0.0183997,0.000435668,0.000306479
0.0557706,-0.0185641,0.000432969,0.000306035
0.0560994,-0.0187285,0.000430345,0.00030561
0.0565927,-0.0187285,0.000427767,0.000305202
0.0564283,-0.0183997,0.000425204,0.000304796
0.0567571,-0.0182353,0.000422651,0.000304379
0.0567571,-0.0185641,0.000420121,0.000303951
0.0572504,-0.0179064,0.00041763,0.000303519
0.057086,-0.0175776,0.000415187,0.000303115
0.0575792,-0.0175776,0.000412787,0.000302756
0.0574148,-0.017742,0.000410425,0.000302416
0.0572504,-0.0174132,0.00040808,0.000302067
0.0572504,-0.0175776,0.000405732,0.000301702
0.0575792,-0.0179064,0.000403382,0.000301324
0.0572504,-0.0179064,0.000401034,0.000300949
0.0572504,-0.0182353,0.000398702,0.000300594
0.0569215,-0.0179064,0.000396398,0.000300258
0.0569215,-0.0187285,0.000394137,0.000299942
0.0565927,-0.0185641,0.000391924,0.000299665
0.0567571,-0.0183997,0.000389753,0.000299407
0.0567571,-0.0185641,0.000387601,0.000299132
0.0572504,-0.0182353,0.000385458,0.000298838
0.0569215,-0.0179064,0.000383328,0.000298546
0.0564283,-0.0179064,0.000381206,0.000298277
0.0567571,-0.0180709,0.000379094,0.00029802
0.057086,-0.0180709,0.000376992,0.00029775
0.0569215,-0.0180709,0.000374904,0.000297453
0.057086,-0.0180709,0.000372829,0.000297123
0.0572504,-0.017742,0.000370768,0.000296768
0.0577437,-0.0172487,0.000368743,0.00029642
0.0580725,-0.0174132,0.000366783,0.000296096
0.0577437,-0.0169199,0.000364879,0.000295791
0.0577437,-0.0169199,0.000362987,0.000295502
0.0582369,-0.0167555,0.000361089,0.000295218
0.0579081,-0.0169199,0.000359199,0.000294923
0.0582369,-0.0167555,0.000357314,0.000294607
0.0579081,-0.0170843,0.00035543,0.000294276
0.0584014,-0.0167555,0.000353556,0.000293944
0.0582369,-0.0169199,0.000351686,0.00029361
0.0575792,-0.0172487,0.00034984,0.000293284
0.0574148,-0.0170843,0.000348062,0.000292985
0.0575792,-0.0172487,0.000346358,0.000292703
0.0579081,-0.0174132,0.000344686,0.000292434
0.0572504,-0.0172487,0.000343026,0.000292174
0.0572504,-0.0175776,0.000341396,0.00029191
0.057086,-0.0179064,0.000339797,0.000291654
0.057086,-0.0179064,0.000338215,0.000291417
0.0569215,-0.0179064,0.000336635,0.000291181
0.055935,-0.0182353,0.000335081,0.000290932
0.0565927,-0.0182353,0.000333578,0.000290668
0.0562638,-0.0185641,0.000332092,0.00029039
0.0562638,-0.0180709,0.000330594,0.000290106
0.0562638,-0.0185641,0.000329086,0.000289822
0.0562638,-0.017742,0.000327581,0.000289545
0.0562638,-0.0185641,0.000326088,0.000289293
0.0565927,-0.0180709,0.000324625,0.000289054
0.0564283,-0.0179064,0.000323203,0.000288827
0.0565927,-0.0179064,0.000321819,0.000288626
0.0557706,-0.0180709,0.000320468,0.000288432
0.0564283,-0.0180709,0.000319149,0.00028822
0.0564283,-0.0182353,0.000317854,0.000287981
0.0565927,-0.0180709,0.000316577,0.000287714
0.0567571,-0.0182353,0.000315323,0.00028742
0.055935,-0.017742,0.000314101,0.000287109
0.0560994,-0.0183997,0.000312909,0.000286802
0.0560994,-0.0182353,0.000311725,0.000286499
0.0560994,-0.018893,0.000310533,0.000286201
0.055935,-0.0183997,0.00030933,0.000285916
0.0556062,-0.0192218,0.00030813,0.000285642
0.0557706,-0.018893,0.00030694,0.000285383
0.0556062,-0.0187285,0.000305747,0.000285123
0.0556062,-0.0183997,0.000304543,0.000284855
0.0557706,-0.0187285,0.000303327,0.000284589
0.0557706,-0.0190574,0.000302106,0.000284314
0.0557706,-0.0185641,0.000300887,0.00028403
0.0557706,-0.0180709,0.000299667,0.000283767
0.0557706,-0.0182353,0.000298445,0.000283542
0.055935,-0.0183997,0.000297223,0.000283333
0.0565927,-0.0179064,0.000296029,0.00028312
0.0567571,-0.0172487,0.0002949,0.000282934
0.055935,-0.0179064,0.000293835,0.000282791
0.0557706,-0.0182353,0.000292807,0.00028266
0.0556062,-0.0180709,0.000291815,0.000282532
0.055935,-0.0180709,0.000290848,0.000282404
0.0560994,-0.0183997,0.000289879,0.000282277
0.0557706,-0.0179064,0.000288899,0.000282155
0.0557706,-0.0183997,0.000287917,0.000282031
0.0557706,-0.0179064,0.00028693,0.000281903
0.0556062,-0.0180709,0.000285934,0.000281761
0.055935,-0.0180709,0.000284935,0.000281588
0.0557706,-0.0182353,0.000283931,0.000281386
0.0562638,-0.0179064,0.000282924,0.000281164
0.0556062,-0.0180709,0.000281934,0.000280923
0.0554417,-0.0180709,0.000280966,0.000280652
0.0556062,-0.0179064,0.000280007,0.000280349
0.0554417,-0.0179064,0.000279043,0.000280021
0.0560994,-0.017742,0.000278086,0.000279672
0.0560994,-0.0180709,0.000277158,0.00027931
0.0557706,-0.0180709,0.000276251,0.000278936
0.0560994,-0.0179064,0.000275343,0.000278543
0.055935,-0.017742,0.000274429,0.000278129
0.0557706,-0.0174132,0.000273504,0.000277706
0.055935,-0.0179064,0.000272565,0.00027729
0.0562638,-0.0172487,0.000271619,0.000276883
0.055935,-0.017742,0.000270673,0.000276485
0.0556062,-0.0180709,0.000269736,0.000276098
0.0560994,-0.0174132,0.000268812,0.000275724
0.0556062,-0.017742,0.000267901,0.000275355
0.0557706,-0.0175776,0.000266998,0.00027497
0.055935,-0.0175776,0.000266092,0.000274557
0.055935,-0.0172487,0.000265173,0.000274118
0.0562638,-0.0174132,0.000264251,0.000273665
0.0560994,-0.0174132,0.000263336,0.000273188
0.0557706,-0.0175776,0.000262423,0.000272687
0.0556062,-0.0172487,0.00026152,0.000272173
0.0556062,-0.0175776,0.000260634,0.00027165
0.0556062,-0.0175776,0.000259756,0.000271123
0.0557706,-0.0175776,0.000258873,0.000270589
0.0556062,-0.0179064,0.000257979,0.000270052
0.0557706,-0.0175776,0.000257073,0.000269518
0.0564283,-0.0174132,0.000256181,0.000268976
0.0556062,-0.0175776,0.000255329,0.000268416
0.0552773,-0.017742,0.000254515,0.000267837
0.0557706,-0.0172487,0.000253725,0.00026725
0.055935,-0.0172487,0.000252945,0.000266672
0.0552773,-0.0175776,0.000252178,0.000266099
0.0556062,-0.0175776,0.000251425,0.000265517
0.0556062,-0.0180709,0.000250665,0.000264935
0.0552773,-0.0175776,0.000249893,0.000264368
0.0554417,-0.0180709,0.000249115,0.000263809
0.0554417,-0.0179064,0.000248323,0.000263251
0.0556062,-0.0180709,0.000247517,0.000262683
0.0556062,-0.017742,0.000246709,0.000262107
0.0552773,-0.0183997,0.000245902,0.000261537
0.0554417,-0.0179064,0.000245091,0.000260981
0.0554417,-0.0182353,0.000244268,0.000260428
0.0556062,-0.0180709,0.000243434,0.000259865
0.055935,-0.0175776,0.000242608,0.000259304
0.0554417,-0.0174132,0.000241804,0.00025878
0.0556062,-0.0175776,0.000241005,0.000258296
0.0557706,-0.017742,0.000240196,0.000257818
0.055935,-0.017742,0.000239383,0.00025732
0.055935,-0.0174132,0.000238576,0.000256802
0.055935,-0.0172487,0.000237765,0.000256282
0.0562638,-0.0172487,0.00023695,0.000255764
0.0562638,-0.0167555,0.000236141,0.000255253
0.0554417,-0.0174132,0.000235355,0.000254764
0.0554417,-0.0179064,0.000234622,0.000254313
0.0557706,-0.0174132,0.000233932,0.000253902
0.0557706,-0.0170843,0.000233243,0.000253502
0.055935,-0.0174132,0.000232541,0.000253094
0.055935,-0.0170843,0.000231827,0.00025268
0.0560994,-0.0172487,0.000231108,0.000252253
0.0565927,-0.0172487,0.000230404,0.000251809
0.0562638,-0.0170843,0.000229727,0.000251344
0.055935,-0.0172487,0.000229062,0.000250861
0.0560994,-0.0170843,0.000228401,0.000250361
0.0565927,-0.0167555,0.000227746,0.000249848
0.0565927,-0.016591,0.000227104,0.000249341
0.0565927,-0.016591,0.000226467,0.000248846
0.0564283,-0.0172487,0.000225824,0.000248363
0.0567571,-0.0164266,0.000225176,0.000247908
0.0567571,-0.016591,0.000224522,0.000247466
0.0565927,-0.0169199,0.000223857,0.00024702
0.0560994,-0.0172487,0.000223208,0.000246588
0.0565927,-0.0169199,0.000222587,0.000246182
0.0565927,-0.0169199,0.000221967,0.000245776
0.0565927,-0.0170843,0.000221328,0.000245355
0.0569215,-0.0162622,0.000220678,0.000244942
0.0569215,-0.0164266,0.00022003,0.00024456
0.0567571,-0.0162622,0.000219382,0.000244199
0.057086,-0.0162622,0.000218731,0.000243843
0.0567571,-0.0169199,0.000218081,0.000243497
0.055935,-0.0169199,0.000217464,0.000243179
0.0564283,-0.0169199,0.000216903,0.000242888
0.055935,-0.0169199,0.000216384,0.000242608
0.0562638,-0.016591,0.000215887,0.000242326
0.0565927,-0.016591,0.000215399,0.000242036
0.0567571,-0.0164266,0.000214926,0.000241738
0.0564283,-0.0164266,0.000214471,0.000241436
0.0562638,-0.0172487,0.000214011,0.000241145
0.0562638,-0.0169199,0.000213537,0.00024088
0.0556062,-0.0169199,0.00021307,0.000240619
0.0562638,-0.016591,0.000212633,0.000240345
0.055935,-0.0169199,0.000212211,0.000240064
0.0562638,-0.0167555,0.00021179,0.000239771
0.0562638,-0.0160978,0.000211375,0.000239481
0.0560994,-0.0167555,0.000210962,0.000239216
0.0562638,-0.0169199,0.000210543,0.000238963
0.0560994,-0.0167555,0.000210114,0.000238703
0.0557706,-0.0167555,0.000209677,0.000238423
0.0557706,-0.0170843,0.000209242,0.000238126
0.0562638,-0.0170843,0.000208817,0.000237829
0.0560994,-0.016591,0.000208404,0.000237537
0.0562638,-0.0162622,0.000207997,0.000237264
0.0562638,-0.0159333,0.000207592,0.000237035
0.0564283,-0.016591,0.000207192,0.000236846
0.0564283,-0.016591,0.000206796,0.000236668
0.0567571,-0.0160978,0.000206409,0.000236485
0.0565927,-0.0162622,0.000206031,0.000236296
0.0564283,-0.016591,0.000205651,0.000236097
0.0564283,-0.0162622,0.000205265,0.00023589
0.0562638,-0.0164266,0.000204882,0.00023567
0.0567571,-0.0159333,0.00020451,0.000235441
0.0567571,-0.0159333,0.000204143,0.000235214
0.0569215,-0.0162622,0.000203773,0.000234986
0.0562638,-0.0167555,0.000203414,0.000234771
0.0564283,-0.0167555,0.000203081,0.000234594
0.0562638,-0.0162622,0.000202771,0.000234445
0.0560994,-0.0164266,0.000202479,0.00023429
0.0562638,-0.0162622,0.000202201,0.000234114
0.0560994,-0.0164266,0.000201923,0.000233918
0.0560994,-0.0162622,0.000201637,0.000233701
0.0557706,-0.0164266,0.000201348,0.000233464
0.0560994,-0.0162622,0.000201063,0.000233208
0.0560994,-0.016591,0.000200779,0.000232938
0.055935,-0.0162622,0.000200485,0.000232662
0.0560994,-0.016591,0.000200177,0.00023238
0.0556062,-0.0167555,0.000199868,0.000232095
0.0557706,-0.0164266,0.00019956,0.000231811
0.0562638,-0.0157689,0.000199255,0.00023154
0.0560994,-0.0159333,0.000198968,0.000231306
0.0560994,-0.0162622,0.000198696,0.000231094
0.0560994,-0.0162622,0.000198422,0.000230872
0.0565927,-0.0159333,0.000198156,0.000230636
0.0565927,-0.0159333,0.000197918,0.00023039
0.0562638,-0.0160978,0.0001977,0.000230132
0.0562638,-0.0162622,0.00019748,0.000229864
0.0560994,-0.0162622,0.000197256,0.000229596
0.0557706,-0.0162622,0.000197048,0.000229327
0.0557706,-0.0164266,0.000196873,0.000229055
0.0556062,-0.0160978,0.000196728,0.000228781
0.0560994,-0.0162622,0.000196603,0.000228497
0.055935,-0.0162622,0.000196481,0.000228191
0.0557706,-0.016591,0.000196344,0.000227871
0.055935,-0.0169199,0.000196192,0.000227561
0.0556062,-0.0160978,0.000196031,0.000227284
0.0562638,-0.0167555,0.000195877,0.000227036
0.0560994,-0.0160978,0.000195746,0.000226808
0.0557706,-0.0160978,0.000195626,0.000226604
0.0567571,-0.0154401,0.000195525,0.000226439
0.0564283,-0.0152757,0.000195466,0.000226339
0.0569215,-0.0156045,0.000195443,0.000226288
0.0569215,-0.0154401,0.000195449,0.00022624
0.0572504,-0.0147824,0.000195483,0.000226192
0.0572504,-0.0152757,0.000195534,0.000226163
0.0567571,-0.0149468,0.000195597,0.000226135
0.0567571,-0.0156045,0.000195683,0.000226106
0.0569215,-0.0152757,0.000195791,0.000226102
0.0567571,-0.0154401,0.000195912,0.000226121
0.0569215,-0.0152757,0.00019604,0.000226149
0.0567571,-0.0154401,0.000196171,0.000226181
0.0565927,-0.0151112,0.000196311,0.000226208
0.0565927,-0.0157689,0.000196466,0.000226236
0.0560994,-0.0159333,0.000196643,0.000226292
0.0567571,-0.0156045,0.000196849,0.000226375
0.0564283,-0.0154401,0.000197063,0.000226451
0.0560994,-0.0159333,0.00019727,0.000226514
0.0569215,-0.0151112,0.000197493,0.000226589
0.0569215,-0.0152757,0.000197749,0.00022669
0.0567571,-0.0152757,0.000198026,0.0002268
0.0567571,-0.014618,0.000198298,0.000226923
0.0572504,-0.0149468,0.000198565,0.000227072
0.0565927,-0.0154401,0.000198848,0.000227234
0.0569215,-0.0152757,0.000199136,0.000227398
0.0569215,-0.0152757,0.000199405,0.000227554
0.0569215,-0.0151112,0.000199643,0.000227689
0.0569215,-0.0147824,0.000199849,0.000227804
0.0567571,-0.0154401,0.000200029,0.000227919
0.0565927,-0.0154401,0.000200201,0.00022805
0.0565927,-0.0157689,0.000200375,0.000228198
0.055935,-0.0159333,0.000200566,0.000228374
0.0560994,-0.0157689,0.000200795,0.000228568
0.0564283,-0.0152757,0.000201043,0.000228766
0.0565927,-0.0156045,0.000201287,0.00022896
0.0562638,-0.0157689,0.000201526,0.000229135
0.0565927,-0.0147824,0.000201753,0.000229311
0.0565927,-0.0152757,0.000201979,0.000229521
0.0567571,-0.0152757,0.000202211,0.000229737
0.0565927,-0.0152757,0.000202444,0.00022993
0.0569215,-0.0151112,0.000202672,0.000230096
0.0572504,-0.0144535,0.000202912,0.000230262
0.0577437,-0.0144535,0.000203193,0.000230459
0.0577437,-0.0142891,0.000203526,0.000230683
0.0577437,-0.0144535,0.000203887,0.000230908
0.0574148,-0.0144535,0.000204249,0.000231111
0.0575792,-0.014618,0.000204608,0.000231294
0.057086,-0.0156045,0.000204975,0.00023151
0.0569215,-0.0152757,0.000205383,0.000231805
0.0569215,-0.0151112,0.000205844,0.000232151
0.0569215,-0.0151112,0.000206339,0.000232498
0.0565927,-0.0152757,0.000206857,0.000232829
0.0567571,-0.0154401,0.000207392,0.000233148
0.0564283,-0.0154401,0.00020793,0.000233455
0.0567571,-0.0151112,0.000208465,0.000233748
0.0565927,-0.014618,0.000208979,0.000234049
0.0564283,-0.0157689,0.000209458,0.000234387
0.0567571,-0.0151112,0.000209913,0.000234757
0.0565927,-0.0157689,0.000210358,0.000235135
0.0562638,-0.0157689,0.000210788,0.000235516
0.0564283,-0.0157689,0.000211197,0.000235886
0.0567571,-0.0152757,0.000211594,0.000236245
0.0565927,-0.0156045,0.00021199,0.000236598
0.057086,-0.0152757,0.000212395,0.000236941
0.0569215,-0.0151112,0.000212818,0.000237286
0.0569215,-0.0149468,0.000213245,0.000237649
0.0574148,-0.0147824,0.000213671,0.000238033
0.0567571,-0.0152757,0.000214109,0.000238426
0.057086,-0.0154401,0.000214548,0.000238817
0.0567571,-0.0154401,0.000214971,0.000239204
0.057086,-0.0159333,0.000215379,0.000239598
0.057086,-0.0154401,0.000215761,0.000240005
0.0574148,-0.0162622,0.000216113,0.000240416
0.057086,-0.0154401,0.000216451,0.000240847
0.0572504,-0.0152757,0.000216771,0.000241294
0.0567571,-0.0152757,0.000217074,0.000241748
0.0569215,-0.0152757,0.00021738,0.000242202
0.0565927,-0.0159333,0.000217696,0.000242653
0.0565927,-0.0162622,0.000218022,0.00024312
0.0569215,-0.0157689,0.00021835,0.000243602
0.0567571,-0.0159333,0.000218659,0.000244067
0.0569215,-0.0159333,0.000218941,0.000244493
0.0567571,-0.0156045,0.000219197,0.000244888
0.057086,-0.0151112,0.000219432,0.00024529
0.0569215,-0.0157689,0.000219654,0.000245715
0.0569215,-0.0159333,0.000219858,0.000246136
0.0565927,-0.0164266,0.000220039,0.000246552
0.0565927,-0.0157689,0.000220209,0.000246982
0.0565927,-0.0162622,0.000220367,0.000247412
0.0562638,-0.0162622,0.000220513,0.000247829
0.0560994,-0.0164266,0.000220662,0.000248227
0.0557706,-0.0169199,0.000220827,0.000248618
0.0565927,-0.0164266,0.00022102,0.000249016
0.0556062,-0.0167555,0.000221245,0.000249402
0.0557706,-0.0175776,0.000221488,0.000249782
0.055935,-0.0172487,0.000221723,0.000250176
0.0557706,-0.0170843,0.000221937,0.000250565
0.0564283,-0.0172487,0.000222149,0.000250931
0.0560994,-0.0167555,0.000222385,0.000251291
0.0560994,-0.0172487,0.000222633,0.000251658
0.0562638,-0.0169199,0.000222877,0.000252024
0.0564283,-0.0172487,0.000223124,0.00025238
0.0564283,-0.0175776,0.000223378,0.000252717
0.0564283,-0.0172487,0.000223629,0.000253033
0.0564283,-0.0169199,0.000223861,0.000253345
0.0565927,-0.0167555,0.000224068,0.000253672
0.0565927,-0.0172487,0.000224252,0.000254013
0.0565927,-0.016591,0.000224407,0.000254352
0.0564283,-0.0169199,0.000224535,0.000254689
0.0565927,-0.0174132,0.000224643,0.000255018
0.0564283,-0.0172487,0.000224731,0.000255342
0.055935,-0.0175776,0.000224822,0.000255664
0.0562638,-0.0175776,0.000224934,0.000255986
0.0560994,-0.017742,0.000225049,0.000256308
0.055935,-0.017742,0.000225158,0.000256621
0.0554417,-0.0182353,0.00022528,0.000256929
0.0557706,-0.0182353,0.000225421,0.000257241
0.0552773,-0.0180709,0.000225564,0.000257547
0.0554417,-0.0183997,0.000225703,0.000257827
0.0549485,-0.018893,0.000225834,0.000258091
0.0549485,-0.0185641,0.000225962,0.000258351
0.0554417,-0.0182353,0.000226093,0.00025861
0.0554417,-0.017742,0.000226241,0.000258896
0.055935,-0.0182353,0.00022643,0.000259229
0.0552773,-0.0187285,0.000226657,0.000259573
0.0554417,-0.0185641,0.000226883,0.000259897
0.0554417,-0.0185641,0.00022709,0.000260189
0.0551129,-0.0182353,0.000227283,0.000260454
0.0551129,-0.018893,0.000227459,0.000260715
0.0551129,-0.0192218,0.00022761,0.000260984
0.0551129,-0.0190574,0.00022773,0.000261255
0.0552773,-0.0187285,0.00022782,0.000261517
0.0546196,-0.0192218,0.000227902,0.000261764
0.0549485,-0.0192218,0.000227987,0.000261993
0.0549485,-0.0195507,0.000228056,0.000262198
0.054784,-0.0193862,0.000228096,0.000262382
0.0546196,-0.0190574,0.000228111,0.00026255
0.0552773,-0.0185641,0.000228124,0.000262733
0.0556062,-0.0190574,0.00022817,0.000262948
0.0552773,-0.0190574,0.000228257,0.00026316
0.0549485,-0.0193862,0.000228351,0.000263347
0.0546196,-0.0197151,0.000228446,0.000263525
0.0546196,-0.0200439,0.000228553,0.000263718
0.0546196,-0.0197151,0.000228668,0.000263924
0.0546196,-0.0197151,0.000228774,0.00026411
0.0546196,-0.0198795,0.000228856,0.000264257
0.0546196,-0.0197151,0.000228907,0.000264372
0.054784,-0.0198795,0.000228932,0.00026446
0.0546196,-0.0200439,0.000228937,0.000264519
0.0541263,-0.0202084,0.000228931,0.000264545
0.0539619,-0.0205372,0.000228932,0.000264552
0.0541263,-0.0200439,0.00022894,0.000264556
0.0541263,-0.0205372,0.000228932,0.000264558
0.0541263,-0.0205372,0.000228895,0.000264543
0.0542908,-0.0200439,0.000228843,0.000264514
0.0541263,-0.0207016,0.000228783,0.000264488
0.0539619,-0.0211949,0.000228707,0.000264472
0.0536331,-0.0210305,0.000228613,0.000264463
0.0536331,-0.0210305,0.000228511,0.000264442
0.0537975,-0.0208661,0.000228399,0.000264393
0.0537975,-0.0207016,0.000228272,0.000264338
0.0541263,-0.0200439,0.000228143,0.000264315
0.0544552,-0.0200439,0.000228043,0.000264359
0.0549485,-0.0198795,0.000228004,0.000264465
0.0544552,-0.0202084,0.000228023,0.000264597
0.0539619,-0.0203728,0.000228063,0.000264717
0.0546196,-0.0202084,0.000228111,0.000264809
0.0549485,-0.0208661,0.000228172,0.000264889
0.054784,-0.0205372,0.000228241,0.000264981
0.0546196,-0.0203728,0.000228299,0.000265067
0.0544552,-0.0202084,0.000228349,0.000265123
0.0542908,-0.0205372,0.000228409,0.000265157
0.0539619,-0.0203728,0.000228499,0.000265168
0.0536331,-0.0207016,0.00022864,0.000265157
0.0537975,-0.0211949,0.00022883,0.000265149
0.0541263,-0.0213593,0.000229036,0.000265177
0.0541263,-0.0211949,0.00022923,0.000265233
0.0537975,-0.0215238,0.000229405,0.00026529
0.0537975,-0.0211949,0.000229558,0.00026534
0.0537975,-0.0211949,0.000229683,0.00026538
0.0536331,-0.0215238,0.000229776,0.000265401
0.0524821,-0.0218526,0.000229875,0.000265403
0.0531398,-0.0215238,0.000230014,0.000265392
0.0534686,-0.0215238,0.000230168,0.000265373
0.0531398,-0.0213593,0.000230316,0.000265352
0.0536331,-0.0215238,0.000230467,0.000265333
0.0534686,-0.0215238,0.000230637,0.000265307
0.0534686,-0.022017,0.000230823,0.000265269
0.0534686,-0.0213593,0.000231008,0.000265233
0.0536331,-0.0215238,0.000231191,0.000265206
0.0536331,-0.0211949,0.000231373,0.000265183
0.0534686,-0.0210305,0.000231543,0.000265175
0.0536331,-0.0210305,0.000231687,0.000265186
0.0536331,-0.0210305,0.000231805,0.000265197
0.0539619,-0.0207016,0.000231906,0.000265201
0.0539619,-0.0211949,0.000232001,0.000265205
0.0536331,-0.0213593,0.000232092,0.000265214
0.0533042,-0.0213593,0.000232185,0.000265232
0.0536331,-0.0215238,0.000232286,0.000265259
0.0536331,-0.0218526,0.000232372,0.000265305
0.0534686,-0.0218526,0.000232433,0.000265378
0.0531398,-0.0215238,0.000232488,0.000265458
0.0534686,-0.0211949,0.000232544,0.00026553
0.0537975,-0.0213593,0.000232592,0.000265598
0.0536331,-0.0210305,0.000232632,0.000265664
0.0542908,-0.0210305,0.000232678,0.000265735
0.0534686,-0.0210305,0.000232749,0.000265806
0.0536331,-0.0216882,0.000232833,0.000265876
0.0537975,-0.0210305,0.000232899,0.000265955
0.0539619,-0.0203728,0.000232943,0.000266053
0.0537975,-0.0203728,0.000232967,0.000266187
0.0536331,-0.0210305,0.000232972,0.00026635
0.0536331,-0.0213593,0.000232962,0.000266533
0.0533042,-0.0215238,0.00023295,0.000266749
0.0534686,-0.0213593,0.000232941,0.000266997
0.0531398,-0.0210305,0.000232933,0.000267244
0.0539619,-0.0208661,0.000232938,0.000267473
0.0539619,-0.0203728,0.000232973,0.0002677
0.0537975,-0.0200439,0.000233022,0.000267959
0.0536331,-0.0200439,0.00023306,0.000268258
0.0536331,-0.0203728,0.000233072,0.000268569
0.0536331,-0.0205372,0.000233058,0.000268866
0.0541263,-0.0202084,0.000233027,0.000269142
0.0539619,-0.0198795,0.000232997,0.000269392
0.0546196,-0.0195507,0.000232976,0.000269625
0.054784,-0.0190574,0.00023299,0.000269868
0.054784,-0.0195507,0.00023304,0.000270128
0.0542908,-0.0192218,0.000233104,0.000270377
0.0544552,-0.0198795,0.000233175,0.000270614
0.0542908,-0.0197151,0.000233247,0.000270872
0.0542908,-0.0193862,0.000233326,0.000271141
0.0542908,-0.0192218,0.000233412,0.000271385
0.0544552,-0.0187285,0.000233493,0.000271601
0.054784,-0.018893,0.000233559,0.000271803
0.0549485,-0.0185641,0.000233615,0.000271983
0.0546196,-0.0187285,0.000233667,0.00027214
0.0546196,-0.0190574,0.000233709,0.000272283
0.0544552,-0.018893,0.000233741,0.000272426
0.0544552,-0.0190574,0.000233771,0.000272573
0.0546196,-0.018893,0.000233792,0.000272718
0.0549485,-0.018893,0.000233795,0.000272849
0.0552773,-0.0185641,0.000233799,0.000272958
0.0549485,-0.0183997,0.000233812,0.000273048
0.0554417,-0.0180709,0.000233819,0.000273132
0.0546196,-0.0187285,0.000233839,0.000273223
0.0546196,-0.018893,0.000233889,0.000273329
0.0546196,-0.018893,0.000233962,0.000273449
0.054784,-0.0187285,0.000234038,0.00027357
0.054784,-0.0187285,0.000234092,0.000273668
0.0546196,-0.018893,0.000234121,0.000273737
0.0546196,-0.0190574,0.00023413,0.000273789
0.0544552,-0.0190574,0.000234124,0.000273829
0.0542908,-0.0192218,0.000234109,0.000273855
0.0544552,-0.0185641,0.000234084,0.000273878
0.0542908,-0.018893,0.000234036,0.000273903
0.0546196,-0.0192218,0.00023397,0.000273916
0.054784,-0.0185641,0.000233907,0.000273922
0.0551129,-0.0190574,0.000233866,0.000273931
0.0549485,-0.018893,0.000233854,0.000273924
0.0551129,-0.0182353,0.000233855,0.000273909
0.0549485,-0.0187285,0.000233849,0.000273903
0.054784,-0.018893,0.000233824,0.000273885
0.0549485,-0.018893,0.000233777,0.000273843
0.0556062,-0.0180709,0.000233723,0.000273799
0.0554417,-0.0180709,0.00023368,0.000273779
0.0552773,-0.0185641,0.000233637,0.000273776
0.0556062,-0.0183997,0.000233577,0.000273764
0.0552773,-0.0182353,0.000233506,0.000273725
0.0551129,-0.0180709,0.000233439,0.000273654
0.0551129,-0.0185641,0.000233387,0.000273569
0.0549485,-0.0179064,0.00023335,0.000273486
0.0552773,-0.018893,0.000233318,0.000273424
0.0549485,-0.0180709,0.000233276,0.000273393
0.0549485,-0.0183997,0.000233226,0.000273367
0.0551129,-0.0180709,0.000233167,0.000273325
0.0556062,-0.0179064,0.0002331,0.000273268
0.0554417,-0.017742,0.000233041,0.000273202
0.0551129,-0.0180709,0.000232984,0.00027313
0.0556062,-0.0179064,0.000232924,0.000273037
0.0557706,-0.0175776,0.00023287,0.000272918
0.055935,-0.0174132,0.000232829,0.000272787
0.0557706,-0.0172487,0.000232792,0.000272655
0.0551129,-0.0172487,0.000232756,0.000272516
0.0556062,-0.0174132,0.000232733,0.000272361
0.055935,-0.0172487,0.000232708,0.000272182
0.0560994,-0.0175776,0.000232676,0.000271989
0.055935,-0.0174132,0.000232639,0.000271795
0.0562638,-0.0169199,0.000232585,0.000271601
0.055935,-0.0172487,0.00023252,0.000271399
0.055935,-0.0170843,0.00023245,0.000271182
0.0554417,-0.0175776,0.000232389,0.000270953
0.0551129,-0.0179064,0.000232373,0.000270748
0.0554417,-0.0179064,0.000232406,0.000270588
0.0552773,-0.0180709,0.000232453,0.000270463
0.054784,-0.0179064,0.00023251,0.00027035
0.054784,-0.0185641,0.000232591,0.00027024
0.054784,-0.0185641,0.000232683,0.000270148
0.0549485,-0.0183997,0.000232763,0.000270061
0.054784,-0.0182353,0.000232825,0.000269959
0.054784,-0.0182353,0.000232865,0.000269849
0.0549485,-0.0183997,0.000232892,0.000269737
0.0546196,-0.0180709,0.000232911,0.000269623
0.0549485,-0.0182353,0.000232919,0.000269517
0.0549485,-0.0180709,0.000232928,0.000269416
0.0551129,-0.0182353,0.000232951,0.000269313
0.0557706,-0.0172487,0.000233008,0.000269226
0.0556062,-0.0174132,0.000233122,0.000269192
0.0554417,-0.016591,0.000233264,0.000269225
0.0557706,-0.0170843,0.000233401,0.000269313
0.0557706,-0.0172487,0.000233528,0.000269412
0.0560994,-0.0170843,0.000233648,0.000269488
0.055935,-0.0170843,0.000233757,0.000269541
0.0556062,-0.017742,0.000233857,0.000269596
0.0554417,-0.0174132,0.000233971,0.000269688
0.0556062,-0.0172487,0.000234109,0.000269796
0.0557706,-0.0170843,0.000234249,0.000269883
0.0556062,-0.0174132,0.000234375,0.000269944
0.0560994,-0.0172487,0.000234491,0.000269989
0.0562638,-0.0169199,0.000234606,0.000270018
0.0562638,-0.0169199,0.00023472,0.000270027
0.055935,-0.0175776,0.000234826,0.000270031
0.055935,-0.0172487,0.000234925,0.000270039
0.055935,-0.0174132,0.000235016,0.000270037
0.0556062,-0.0170843,0.000235106,0.000270018
0.0554417,-0.0175776,0.000235214,0.000269988
0.0554417,-0.0174132,0.000235344,0.000269948
0.0557706,-0.0169199,0.000235478,0.000269898
0.0562638,-0.0175776,0.000235614,0.000269851
0.0556062,-0.017742,0.000235763,0.000269811
0.0557706,-0.0172487,0.000235908,0.000269774
0.055935,-0.0174132,0.00023603,0.000269726
0.0557706,-0.0179064,0.000236127,0.000269664
0.0554417,-0.0182353,0.000236204,0.00026961
0.0557706,-0.0175776,0.00023627,0.000269579
0.0552773,-0.0180709,0.000236329,0.000269553
0.0551129,-0.0180709,0.000236394,0.000269512
0.0551129,-0.0185641,0.000236467,0.000269457
0.0551129,-0.0179064,0.000236532,0.000269408
0.0552773,-0.0180709,0.000236579,0.000269368
0.0554417,-0.0187285,0.000236613,0.000269329
0.0556062,-0.0179064,0.000236655,0.000269304
0.0552773,-0.0179064,0.000236701,0.000269307
0.0554417,-0.0180709,0.000236732,0.000269326
0.0557706,-0.017742,0.000236755,0.000269347
0.0560994,-0.0180709,0.000236799,0.000269364
0.055935,-0.0174132,0.000236872,0.000269378
0.0565927,-0.0175776,0.000236968,0.000269401
0.0562638,-0.0179064,0.000237087,0.000269427
0.055935,-0.0182353,0.000237211,0.000269449
0.055935,-0.0180709,0.000237334,0.000269475
0.055935,-0.0182353,0.000237462,0.000269501
0.0562638,-0.0183997,0.000237585,0.000269524
0.0560994,-0.0185641,0.000237688,0.000269552
0.0557706,-0.0185641,0.000237782,0.000269583
0.0556062,-0.0185641,0.000237894,0.000269602
0.0557706,-0.0185641,0.000238026,0.000269592
0.0556062,-0.0192218,0.000238158,0.000269563
0.0551129,-0.0190574,0.000238298,0.000269535
0.0552773,-0.0195507,0.000238458,0.00026951
0.0551129,-0.0197151,0.000238623,0.000269491
0.0549485,-0.0197151,0.000238778,0.000269475
0.054784,-0.0197151,0.000238925,0.000269438
0.0544552,-0.0200439,0.000239066,0.000269372
0.0544552,-0.0202084,0.000239202,0.000269279
0.0546196,-0.0202084,0.000239325,0.000269157
0.0537975,-0.0210305,0.000239445,0.000269025
0.0539619,-0.0205372,0.000239569,0.000268904
0.0536331,-0.0203728,0.00023968,0.000268797
0.0541263,-0.0205372,0.000239783,0.000268706
0.0541263,-0.0205372,0.000239905,0.000268627
0.0542908,-0.0203728,0.00024006,0.000268562
0.0546196,-0.0202084,0.000240262,0.000268525
0.0546196,-0.0200439,0.000240522,0.000268525
0.0546196,-0.0202084,0.000240825,0.000268557
0.0539619,-0.0205372,0.000241148,0.000268591
0.0537975,-0.0208661,0.00024148,0.000268613
0.0539619,-0.0210305,0.000241811,0.000268638
0.0539619,-0.0208661,0.00024212,0.000268665
0.0536331,-0.0208661,0.000242404,0.000268669
0.0537975,-0.0208661,0.000242669,0.000268637
0.0537975,-0.0210305,0.000242905,0.000268568
0.0544552,-0.0207016,0.000243126,0.000268477
0.0542908,-0.0210305,0.000243364,0.000268371
0.0546196,-0.0203728,0.000243626,0.000268262
0.0539619,-0.0203728,0.000243904,0.000268172
0.0539619,-0.0205372,0.000244184,0.000268099
0.0544552,-0.0205372,0.000244458,0.000268011
0.0541263,-0.0207016,0.000244721,0.000267898
0.0541263,-0.0202084,0.000244964,0.000267768
0.0541263,-0.0205372,0.00024518,0.000267632
0.0534686,-0.0213593,0.000245389,0.000267506
0.0531398,-0.0211949,0.000245634,0.000267421
0.0531398,-0.0207016,0.00024593,0.000267364
0.0533042,-0.0208661,0.000246244,0.000267295
0.0533042,-0.0210305,0.000246538,0.000267197
0.0529754,-0.0213593,0.0002468,0.00026708
0.0534686,-0.0211949,0.000247049,0.000266955
0.0533042,-0.0211949,0.0002473,0.000266807
0.0534686,-0.0205372,0.000247553,0.000266647
0.0539619,-0.0203728,0.000247826,0.000266519
0.0544552,-0.0197151,0.000248158,0.000266459
0.0544552,-0.0197151,0.000248568,0.000266478
0.0544552,-0.0200439,0.000249027,0.00026654
0.0544552,-0.0195507,0.000249495,0.0002666
0.0537975,-0.0200439,0.000249962,0.000266656
0.0536331,-0.0198795,0.000250453,0.000266713
0.0542908,-0.0197151,0.000250969,0.000266755
0.0544552,-0.0195507,0.000251472,0.000266767
0.0541263,-0.0197151,0.000251952,0.000266749
0.0542908,-0.0193862,0.00025241,0.000266709
0.0544552,-0.0193862,0.000252835,0.000266642
0.0542908,-0.0192218,0.000253226,0.000266541
0.054784,-0.0195507,0.000253594,0.000266418
0.0541263,-0.0193862,0.000253959,0.000266288
0.0546196,-0.0193862,0.000254324,0.000266151
0.0539619,-0.0198795,0.000254688,0.000266015
0.0537975,-0.0192218,0.000255068,0.000265897
0.0534686,-0.0202084,0.000255485,0.000265802
0.0537975,-0.0200439,0.000255926,0.000265745
0.0536331,-0.0198795,0.000256356,0.000265708
0.0536331,-0.0202084,0.000256755,0.000265662
0.0536331,-0.0198795,0.000257117,0.000265607
0.0536331,-0.0198795,0.000257441,0.000265538
0.0536331,-0.0203728,0.000257733,0.000265455
0.0533042,-0.0200439,0.000257999,0.000265365
0.0539619,-0.0200439,0.000258255,0.000265263
0.0537975,-0.0195507,0.000258522,0.000265161
0.0539619,-0.0193862,0.000258798,0.000265091
0.0542908,-0.0190574,0.000259085,0.000265071
0.0544552,-0.0192218,0.000259399,0.000265091
0.0551129,-0.0187285,0.000259756,0.000265135
0.0544552,-0.0192218,0.000260152,0.000265194
0.0541263,-0.0190574,0.000260554,0.000265243
0.0539619,-0.0195507,0.000260963,0.000265279
0.0542908,-0.0195507,0.000261383,0.000265333
0.0542908,-0.0198795,0.000261788,0.000265421
0.0539619,-0.0192218,0.000262174,0.000265536
0.0541263,-0.0190574,0.000262553,0.000265649
0.0544552,-0.0190574,0.000262918,0.000265745
0.0546196,-0.0190574,0.000263264,0.00026582
0.0546196,-0.018893,0.000263594,0.000265869
0.0549485,-0.0183997,0.000263912,0.000265908
0.0546196,-0.0190574,0.000264219,0.000265961
0.0546196,-0.0187285,0.000264503,0.000266012
0.0539619,-0.018893,0.000264779,0.000266041
0.0542908,-0.0190574,0.000265072,0.000266054
0.0544552,-0.0190574,0.00026536,0.000266063
0.0541263,-0.0192218,0.00026562,0.000266073
0.0541263,-0.0193862,0.000265862,0.000266088
0.0536331,-0.0195507,0.000266101,0.000266116
0.0542908,-0.0190574,0.00026635,0.000266153
0.054784,-0.0192218,0.000266617,0.000266178
0.0537975,-0.0185641,0.000266911,0.000266194
0.0544552,-0.0193862,0.000267225,0.000266228
0.0544552,-0.0190574,0.000267541,0.000266268
0.0544552,-0.018893,0.000267845,0.000266292
0.0544552,-0.0193862,0.000268128,0.000266305
0.0541263,-0.0197151,0.000268387,0.000266324
0.0541263,-0.018893,0.000268626,0.000266362
0.0542908,-0.0190574,0.000268842,0.000266413
0.0539619,-0.0195507,0.00026903,0.000266461
0.0537975,-0.0197151,0.000269205,0.00026651
0.0534686,-0.018893,0.000269385,0.000266572
0.0544552,-0.0192218,0.00026959,0.000266647
0.0546196,-0.018893,0.000269832,0.000266717
0.0542908,-0.018893,0.000270098,0.000266783
0.054784,-0.0185641,0.000270367,0.000266854
0.0552773,-0.0183997,0.000270659,0.000266937
0.0552773,-0.0182353,0.000270995,0.000267035
0.0552773,-0.0179064,0.000271352,0.000267148
0.0556062,-0.017742,0.000271705,0.000267277
0.055935,-0.0174132,0.000272055,0.000267419
0.0556062,-0.0175776,0.000272404,0.00026756
0.0551129,-0.0182353,0.000272758,0.000267701
0.0554417,-0.0182353,0.000273131,0.000267876
0.0552773,-0.0179064,0.000273521,0.00026809
0.0552773,-0.0180709,0.000273919,0.000268312
0.0551129,-0.0182353,0.000274329,0.000268542
0.0546196,-0.0183997,0.000274765,0.000268791
0.0549485,-0.0183997,0.000275234,0.000269059
0.054784,-0.0182353,0.000275708,0.000269326
0.0549485,-0.0182353,0.000276159,0.000269564
0.0549485,-0.0183997,0.000276571,0.000269765
0.054784,-0.0183997,0.000276938,0.000269933
0.0549485,-0.0182353,0.000277268,0.000270071
0.0546196,-0.0182353,0.000277568,0.000270181
0.054784,-0.0182353,0.000277838,0.000270266
0.0544552,-0.0182353,0.000278079,0.000270324
0.054784,-0.0183997,0.000278298,0.000270352
0.0544552,-0.0185641,0.000278495,0.000270353
0.0537975,-0.0185641,0.000278683,0.00027033
0.054784,-0.0180709,0.000278892,0.000270294
0.0546196,-0.017742,0.000279125,0.000270271
0.0542908,-0.0180709,0.000279353,0.000270266
0.0542908,-0.0180709,0.000279547,0.00027025
0.0544552,-0.0185641,0.000279704,0.000270213
0.0546196,-0.0183997,0.00027984,0.000270175
0.0549485,-0.0183997,0.000279977,0.000270129
0.0542908,-0.0179064,0.000280127,0.000270069
0.054784,-0.0174132,0.000280276,0.000270024
0.0546196,-0.017742,0.000280409,0.000270007
0.0546196,-0.0179064,0.000280508,0.000269988
0.0549485,-0.0179064,0.000280573,0.000269944
0.0544552,-0.0179064,0.000280623,0.000269876
0.054784,-0.0182353,0.000280662,0.000269796
0.0546196,-0.0180709,0.000280677,0.000269716
0.0542908,-0.0185641,0.000280673,0.000269643
0.0537975,-0.0175776,0.000280683,0.000269595
0.054784,-0.0180709,0.000280732,0.000269566
0.0544552,-0.0179064,0.000280794,0.000269524
0.0542908,-0.017742,0.000280832,0.000269458
0.0546196,-0.0179064,0.000280844,0.000269371
0.0546196,-0.0175776,0.00028084,0.000269261
0.0546196,-0.0179064,0.000280819,0.000269136
0.0542908,-0.0179064,0.000280777,0.000268995
0.0542908,-0.0180709,0.000280718,0.000268836
0.0549485,-0.0175776,0.000280652,0.00026867
0.0544552,-0.0180709,0.000280589,0.000268503
0.0542908,-0.0179064,0.000280518,0.000268329
0.0544552,-0.0180709,0.000280424,0.000268134
0.0539619,-0.0182353,0.000280313,0.000267925
0.0544552,-0.0179064,0.000280199,0.000267709
0.0551129,-0.0169199,0.000280097,0.00026751
0.054784,-0.0170843,0.000280019,0.000267369
0.0551129,-0.0174132,0.000279953,0.000267263
0.0552773,-0.0174132,0.000279895,0.000267139
0.054784,-0.017742,0.000279845,0.000266993
0.0542908,-0.0185641,0.000279809,0.000266879
0.0539619,-0.0182353,0.000279816,0.000266833
0.0539619,-0.0187285,0.000279882,0.000266841
0.0539619,-0.0182353,0.000279982,0.000266875
0.0544552,-0.0180709,0.00028009,0.000266903
0.0544552,-0.0180709,0.000280193,0.000266917
0.0546196,-0.0174132,0.000280293,0.000266943
0.0552773,-0.0174132,0.000280414,0.000267016
0.0554417,-0.0172487,0.000280591,0.000267136
0.0554417,-0.0170843,0.000280821,0.000267288
0.0557706,-0.0170843,0.000281081,0.000267457
0.0560994,-0.0169199,0.000281366,0.000267626
0.055935,-0.016591,0.000281663,0.000267789
0.0552773,-0.016591,0.000281962,0.000267946
0.0554417,-0.0170843,0.00028228,0.000268099
0.0556062,-0.017742,0.000282615,0.000268284
0.0551129,-0.017742,0.00028296,0.000268545
0.0549485,-0.0179064,0.000283339,0.000268878
0.0546196,-0.0185641,0.000283771,0.00026928
0.054784,-0.017742,0.000284244,0.000269737
0.054784,-0.0174132,0.000284726,0.000270205
0.054784,-0.0183997,0.000285184,0.000270677
0.0551129,-0.017742,0.000285613,0.000271163
0.0556062,-0.0170843,0.000286041,0.000271673
0.055935,-0.0169199,0.000286512,0.000272235
0.0557706,-0.016591,0.000287029,0.000272864
0.0560994,-0.0164266,0.00028757,0.000273553
0.0562638,-0.0169199,0.000288125,0.000274268
0.055935,-0.0169199,0.00028868,0.000274963
0.0562638,-0.0174132,0.000289206,0.000275639
0.055935,-0.0169199,0.000289703,0.000276314
0.0560994,-0.0167555,0.000290178,0.000276964
0.0567571,-0.016591,0.000290636,0.00027757
0.0567571,-0.0162622,0.000291083,0.000278146
0.0567571,-0.0162622,0.000291505,0.000278702
0.0572504,-0.0162622,0.000291894,0.000279229
0.057086,-0.0159333,0.000292258,0.000279718
0.057086,-0.0169199,0.000292591,0.000280202
0.0567571,-0.0167555,0.000292903,0.00028072
0.0562638,-0.0167555,0.000293241,0.000281265
0.055935,-0.0169199,0.000293647,0.000281816
0.0564283,-0.0169199,0.000294112,0.000282367
0.0560994,-0.0174132,0.000294591,0.000282923
0.0562638,-0.0174132,0.000295059,0.000283492
0.0557706,-0.0175776,0.000295514,0.000284068
0.0564283,-0.0169199,0.000295966,0.000284643
0.055935,-0.0172487,0.000296411,0.000285213
0.0557706,-0.017742,0.000296832,0.000285763
0.0557706,-0.0174132,0.00029722,0.000286291
0.0562638,-0.0172487,0.000297583,0.0002868
0.0565927,-0.0172487,0.000297956,0.000287297
0.0564283,-0.0169199,0.000298355,0.000287794
0.0567571,-0.0164266,0.000298771,0.000288318
0.057086,-0.0160978,0.000299208,0.000288899
0.0574148,-0.0164266,0.000299682,0.000289525
0.057086,-0.016591,0.000300176,0.000290145
0.0567571,-0.0164266,0.000300658,0.000290723
0.057086,-0.0160978,0.000301114,0.000291257
0.0569215,-0.0164266,0.000301539,0.00029176
0.0569215,-0.0167555,0.000301938,0.000292254
0.0567571,-0.0167555,0.000302325,0.000292758
0.0565927,-0.016591,0.000302712,0.000293267
0.0567571,-0.0170843,0.000303098,0.000293773
0.0567571,-0.0169199,0.000303465,0.000294284
0.0567571,-0.016591,0.000303797,0.000294786
0.0569215,-0.0162622,0.000304091,0.000295268
0.0574148,-0.0167555,0.000304361,0.000295735
0.0572504,-0.0164266,0.000304626,0.000296181
0.0577437,-0.0162622,0.00030489,0.000296603
0.0577437,-0.0162622,0.00030516,0.000297004
0.0572504,-0.0162622,0.000305431,0.000297377
0.0575792,-0.0162622,0.000305684,0.000297711
0.0575792,-0.016591,0.000305898,0.000298009
0.0572504,-0.0167555,0.00030608,0.000298293
0.0574148,-0.016591,0.000306248,0.000298569
0.0577437,-0.0164266,0.000306396,0.000298819
0.0574148,-0.0162622,0.000306519,0.000299035
0.0574148,-0.0164266,0.000306621,0.000299218
0.0572504,-0.0167555,0.000306707,0.00029937
0.0572504,-0.016591,0.000306779,0.000299498
0.0569215,-0.0174132,0.000306845,0.000299621
0.0562638,-0.017742,0.000306931,0.000299781
0.0564283,-0.017742,0.000307061,0.000299992
0.0560994,-0.0179064,0.000307216,0.000300227
0.0562638,-0.017742,0.000307369,0.000300453
0.0562638,-0.0172487,0.000307495,0.000300666
0.0564283,-0.0172487,0.000307591,0.000300895
0.0569215,-0.0172487,0.000307694,0.000301149
0.0567571,-0.0174132,0.000307833,0.000301412
0.0569215,-0.0172487,0.000308001,0.000301668
0.0572504,-0.0167555,0.000308197,0.00030193
0.0575792,-0.016591,0.000308434,0.000302227
0.0579081,-0.0164266,0.000308724,0.000302562
0.0575792,-0.0169199,0.000309047,0.00030291
0.0574148,-0.016591,0.000309357,0.00030324
0.0579081,-0.0169199,0.000309639,0.000303541
0.057086,-0.0167555,0.000309916,0.000303819
0.0564283,-0.0175776,0.00031024,0.000304095
0.0565927,-0.0172487,0.000310644,0.000304399
0.0565927,-0.0175776,0.0003111,0.000304724
0.0564283,-0.0182353,0.000311572,0.000305078
0.0564283,-0.0179064,0.000312043,0.000305474
0.0562638,-0.0179064,0.000312496,0.00030587
0.0565927,-0.0180709,0.000312926,0.000306231
0.0574148,-0.0179064,0.00031336,0.000306555
0.0569215,-0.0167555,0.000313826,0.000306888
0.0572504,-0.0169199,0.00031431,0.000307295
0.0569215,-0.0170843,0.000314783,0.000307762
0.0569215,-0.0174132,0.00031522,0.000308231
0.0569215,-0.0179064,0.000315603,0.00030868
0.0572504,-0.0179064,0.00031594,0.000309125
0.0567571,-0.0174132,0.000316253,0.000309566
0.0564283,-0.0174132,0.00031656,0.000309985
0.0564283,-0.0180709,0.000316872,0.000310385
0.0565927,-0.0175776,0.000317175,0.000310775
0.0565927,-0.0182353,0.00031744,0.000311154
0.0567571,-0.0174132,0.000317661,0.000311534
0.0567571,-0.0174132,0.000317846,0.000311921
0.0569215,-0.017742,0.000318005,0.000312295
0.0572504,-0.0175776,0.000318154,0.000312633
0.0565927,-0.0170843,0.000318306,0.000312947
0.0565927,-0.0175776,0.00031845,0.000313251
0.0567571,-0.0175776,0.000318567,0.000313532
0.0562638,-0.0180709,0.000318656,0.000313788
0.0560994,-0.0175776,0.000318741,0.000314037
0.0560994,-0.0182353,0.00031883,0.000314276
0.0562638,-0.017742,0.000318904,0.000314507
0.0562638,-0.0179064,0.000318941,0.000314713
0.055935,-0.0182353,0.000318941,0.000314885
0.0562638,-0.0179064,0.000318916,0.000315032
0.0564283,-0.0179064,0.000318878,0.000315153
0.057086,-0.0175776,0.000318858,0.000315252
0.0569215,-0.0174132,0.000318882,0.000315353
0.057086,-0.0174132,0.000318937,0.000315462
0.0565927,-0.0174132,0.000318996,0.000315565
0.0565927,-0.0170843,0.000319042,0.000315654
0.0565927,-0.0175776,0.000319064,0.000315737
0.0564283,-0.0175776,0.000319067,0.000315807
0.0562638,-0.017742,0.000319063,0.000315862
0.055935,-0.0183997,0.000319066,0.000315931
0.0560994,-0.0179064,0.000319081,0.000316027
0.0557706,-0.0183997,0.000319094,0.000316129
0.0552773,-0.0187285,0.000319118,0.000316243
0.054784,-0.0193862,0.000319182,0.000316398
0.0551129,-0.0190574,0.000319281,0.000316597
0.0551129,-0.0185641,0.000319368,0.000316806
0.0554417,-0.0190574,0.000319431,0.000317003
0.0557706,-0.0182353,0.000319509,0.000317195
0.055935,-0.0180709,0.000319636,0.000317427
0.0562638,-0.0179064,0.000319826,0.000317725
0.055935,-0.0175776,0.000320065,0.000318085
0.0557706,-0.0179064,0.000320305,0.000318486
0.0557706,-0.0179064,0.000320505,0.00031888
0.0557706,-0.0185641,0.000320655,0.000319255
0.0557706,-0.0179064,0.000320754,0.000319626
0.0556062,-0.0180709,0.000320813,0.000319975
0.055935,-0.0180709,0.000320842,0.000320283
0.055935,-0.017742,0.00032084,0.000320554
0.0562638,-0.0180709,0.000320812,0.000320794
0.0556062,-0.0180709,0.000320776,0.000321009
0.0557706,-0.0185641,0.000320737,0.000321212
0.055935,-0.0182353,0.000320675,0.000321414
0.055935,-0.0180709,0.000320572,0.000321595
0.055935,-0.0182353,0.000320423,0.000321736
0.0556062,-0.018893,0.000320238,0.000321856
0.0556062,-0.0183997,0.000320038,0.000321974
0.0551129,-0.0183997,0.00031984,0.000322069
0.0556062,-0.0183997,0.000319648,0.000322123
0.0556062,-0.0179064,0.000319441,0.000322155
0.0551129,-0.0190574,0.00031921,0.000322203
0.0552773,-0.0182353,0.000318962,0.000322279
0.0552773,-0.0187285,0.000318685,0.000322357
0.0557706,-0.0180709,0.000318385,0.000322427
0.0554417,-0.0187285,0.000318084,0.000322497
0.0554417,-0.0179064,0.000317767,0.000322572
0.0557706,-0.0187285,0.000317429,0.00032266
0.0554417,-0.0183997,0.00031708,0.000322744
0.0557706,-0.0182353,0.000316714,0.0003228
0.055935,-0.0180709,0.000316337,0.000322831
0.0552773,-0.0185641,0.000315964,0.000322849
0.0554417,-0.0180709,0.000315595,0.000322855
0.0554417,-0.0182353,0.000315212,0.000322838
0.0556062,-0.0185641,0.000314802,0.000322791
0.0551129,-0.0183997,0.000314373,0.000322721
0.0549485,-0.0185641,0.000313949,0.000322626
0.0560994,-0.0183997,0.000313556,0.0003225
0.055935,-0.0179064,0.000313208,0.000322352
0.0560994,-0.0175776,0.00031289,0.000322212
0.0560994,-0.0175776,0.000312582,0.000322099
0.0562638,-0.0175776,0.000312272,0.000321994
0.0565927,-0.0175776,0.000311961,0.000321871
0.0562638,-0.0172487,0.00031165,0.00032172
0.0565927,-0.0170843,0.000311322,0.000321551
0.0562638,-0.0174132,0.000310976,0.00032137
0.0565927,-0.0172487,0.000310615,0.000321172
0.0560994,-0.0169199,0.000310241,0.000320948
0.0562638,-0.0174132,0.000309873,0.000320709
0.0557706,-0.0172487,0.000309526,0.000320469
0.0565927,-0.0167555,0.000309204,0.000320225
0.0572504,-0.016591,0.000308912,0.000319969
0.0562638,-0.0170843,0.000308656,0.000319704
0.0567571,-0.0167555,0.000308419,0.000319431
0.0567571,-0.0170843,0.000308163,0.00031914
0.0562638,-0.0169199,0.000307888,0.000318838
0.055935,-0.0175776,0.000307627,0.000318544
0.0562638,-0.0169199,0.000307391,0.000318267
0.0564283,-0.0169199,0.000307147,0.00031798
0.0565927,-0.0170843,0.000306877,0.000317659
0.0562638,-0.0172487,0.000306587,0.000317312
0.0564283,-0.0172487,0.000306275,0.000316947
0.0565927,-0.0174132,0.000305937,0.000316565
0.0569215,-0.0170843,0.000305591,0.000316168
0.0564283,-0.016591,0.000305248,0.00031577
0.0564283,-0.0167555,0.000304896,0.000315389
0.0565927,-0.0170843,0.000304519,0.000315011
0.0567571,-0.016591,0.000304115,0.000314622
0.0565927,-0.0167555,0.000303687,0.000314221
0.0567571,-0.0167555,0.000303233,0.000313796
0.0569215,-0.016591,0.000302754,0.000313335
0.0565927,-0.016591,0.000302262,0.000312844
0.0567571,-0.016591,0.000301752,0.000312321
0.057086,-0.016591,0.000301221,0.000311762
0.0565927,-0.0167555,0.000300683,0.000311177
0.0562638,-0.0169199,0.000300158,0.000310584
0.0565927,-0.0170843,0.000299646,0.000309999
0.0562638,-0.0167555,0.000299132,0.000309417
0.0565927,-0.0164266,0.00029861,0.000308826
0.057086,-0.0162622,0.000298088,0.000308236
0.057086,-0.0157689,0.000297584,0.000307671
0.0572504,-0.0160978,0.000297103,0.000307135
0.057086,-0.0160978,0.000296628,0.000306593
0.0565927,-0.0160978,0.000296149,0.00030602
0.0572504,-0.0157689,0.000295677,0.000305421
0.0565927,-0.0164266,0.000295219,0.00030482
0.0564283,-0.0167555,0.000294781,0.000304255
0.0567571,-0.0164266,0.000294358,0.000303731
0.0565927,-0.016591,0.000293921,0.000303223
0.0567571,-0.0162622,0.000293461,0.00030271
0.0565927,-0.0159333,0.000292976,0.000302191
0.0560994,-0.0164266,0.00029248,0.000301672
0.0565927,-0.016591,0.000291991,0.000301152
0.0564283,-0.0164266,0.000291494,0.000300622
0.0560994,-0.0169199,0.000290975,0.000300083
0.0560994,-0.0172487,0.000290443,0.00029956
0.0565927,-0.0167555,0.000289908,0.000299061
0.0564283,-0.0164266,0.000289379,0.000298569
0.0565927,-0.016591,0.000288854,0.000298084
0.0567571,-0.0162622,0.000288335,0.00029761
0.0560994,-0.0169199,0.00028783,0.000297148
0.055935,-0.0167555,0.000287341,0.000296684
0.055935,-0.0169199,0.000286864,0.000296196
0.055935,-0.0169199,0.000286385,0.000295684
0.0562638,-0.0169199,0.000285896,0.000295145
0.0564283,-0.0167555,0.000285408,0.000294579
0.0567571,-0.0162622,0.000284941,0.000294011
0.0564283,-0.0162622,0.000284495,0.000293471
0.0567571,-0.0157689,0.000284052,0.000292969
0.057086,-0.0160978,0.000283618,0.000292501
0.0567571,-0.0160978,0.000283196,0.00029203
0.057086,-0.0162622,0.000282764,0.000291535
0.0569215,-0.0159333,0.000282315,0.000291022
0.0569215,-0.0160978,0.000281847,0.000290491
0.0564283,-0.0162622,0.000281376,0.000289951
0.0557706,-0.0169199,0.000280954,0.000289435
0.0556062,-0.0172487,0.000280624,0.000288989
0.055935,-0.0174132,0.000280364,0.000288628
0.055935,-0.0167555,0.000280117,0.00028832
0.055935,-0.0164266,0.000279846,0.000288029
0.0562638,-0.0169199,0.000279555,0.000287742
0.0557706,-0.0170843,0.000279259,0.000287441
0.055935,-0.0172487,0.000278952,0.000287117
0.0554417,-0.0174132,0.000278631,0.000286777
0.0556062,-0.017742,0.000278299,0.000286432
0.0556062,-0.0169199,0.000277945,0.000286102
0.0557706,-0.0172487,0.000277571,0.000285796
0.0556062,-0.0170843,0.000277188,0.000285498
0.055935,-0.0170843,0.000276801,0.000285203
0.0557706,-0.0169199,0.000276418,0.000284915
0.0557706,-0.0172487,0.00027603,0.000284625
0.0557706,-0.0172487,0.000275627,0.000284311
0.0560994,-0.017742,0.000275214,0.000283978
0.0556062,-0.0174132,0.000274803,0.000283639
0.0556062,-0.0175776,0.000274389,0.000283283
0.0562638,-0.0170843,0.000273976,0.000282912
0.0562638,-0.0170843,0.00027358,0.000282548
0.0557706,-0.0179064,0.000273198,0.000282202
0.0567571,-0.0172487,0.000272837,0.000281876
0.0562638,-0.0172487,0.000272498,0.000281556
0.0556062,-0.0172487,0.000272175,0.000281225
0.055935,-0.0174132,0.000271873,0.000280875
0.0557706,-0.0174132,0.000271583,0.000280498
0.0557706,-0.0169199,0.000271294,0.000280103
0.055935,-0.0174132,0.000270995,0.00027971
0.055935,-0.0175776,0.000270667,0.000279318
0.055935,-0.0170843,0.000270306,0.000278924
0.0556062,-0.0179064,0.000269922,0.000278543
0.0557706,-0.017742,0.000269523,0.000278185
0.055935,-0.0174132,0.000269105,0.000277833
0.0557706,-0.0172487,0.000268666,0.000277475
0.055935,-0.017742,0.000268205,0.000277116
0.0560994,-0.0172487,0.000267732,0.000276757
0.0560994,-0.0170843,0.000267257,0.000276406
0.0560994,-0.0174132,0.000266774,0.000276057
0.055935,-0.0167555,0.000266277,0.000275708
0.0554417,-0.0175776,0.000265776,0.000275378
0.0557706,-0.0183997,0.000265286,0.000275097
0.0562638,-0.0175776,0.000264802,0.000274871
0.055935,-0.0172487,0.000264318,0.000274659
0.0560994,-0.0174132,0.000263821,0.000274441
0.0564283,-0.0172487,0.000263316,0.000274215
0.0560994,-0.0172487,0.000262813,0.000273978
0.0560994,-0.0172487,0.0002623,0.000273727
0.0560994,-0.0180709,0.000261765,0.000273475
0.0557706,-0.0175776,0.000261221,0.00027324
0.0556062,-0.0182353,0.00026069,0.000273014
0.0554417,-0.0179064,0.000260187,0.000272795
0.055935,-0.0174132,0.000259705,0.00027258
0.0560994,-0.0179064,0.000259231,0.000272365
0.0557706,-0.0183997,0.000258757,0.000272152
0.0562638,-0.017742,0.000258282,0.00027195
0.0557706,-0.0174132,0.000257814,0.000271769
0.0562638,-0.017742,0.000257352,0.000271606
0.0564283,-0.0179064,0.000256902,0.000271435
0.0565927,-0.0169199,0.000256472,0.000271263
0.0565927,-0.0175776,0.000256059,0.000271118
0.0557706,-0.0175776,0.000255666,0.000270967
0.0562638,-0.017742,0.000255296,0.00027079
0.0562638,-0.0179064,0.000254924,0.000270602
0.0562638,-0.0180709,0.000254526,0.000270421
0.0557706,-0.0182353,0.000254121,0.000270253
0.0551129,-0.0187285,0.000253758,0.000270112
0.0554417,-0.0185641,0.00025346,0.000270005
0.0552773,-0.018893,0.000253195,0.000269914
0.0549485,-0.0185641,0.000252942,0.000269825
0.0556062,-0.0185641,0.00025271,0.000269726
0.0552773,-0.0182353,0.00025249,0.000269626
0.0551129,-0.0185641,0.000252256,0.000269535
0.0549485,-0.0195507,0.000251993,0.000269459
0.0552773,-0.0190574,0.000251712,0.000269402
0.0557706,-0.0185641,0.000251451,0.000269352
0.0554417,-0.0182353,0.000251232,0.00026933
0.055935,-0.0182353,0.000251046,0.00026936
0.0557706,-0.0183997,0.000250892,0.000269424
0.0554417,-0.0182353,0.000250749,0.000269492
0.055935,-0.0185641,0.000250602,0.000269551
0.0556062,-0.0182353,0.000250451,0.000269593
0.0554417,-0.0190574,0.000250292,0.000269633
0.0556062,-0.0185641,0.000250123,0.000269685
0.0554417,-0.0187285,0.000249939,0.000269724
0.0557706,-0.0187285,0.000249742,0.000269735
0.0554417,-0.0187285,0.000249534,0.000269719
0.0560994,-0.018893,0.000249329,0.000269676
0.0562638,-0.0182353,0.000249142,0.000269624
0.0560994,-0.0182353,0.00024897,0.000269585
0.0564283,-0.0185641,0.000248797,0.000269552
0.0562638,-0.0182353,0.000248613,0.000269502
0.0557706,-0.0183997,0.000248425,0.000269432
0.0562638,-0.0180709,0.00024824,0.000269339
0.0556062,-0.0185641,0.000248063,0.000269236
0.0552773,-0.0187285,0.000247924,0.000269138
0.0552773,-0.0190574,0.000247842,0.00026906
0.055935,-0.018893,0.000247797,0.000269005
0.0556062,-0.0187285,0.000247755,0.000268947
0.0557706,-0.0183997,0.000247696,0.000268871
0.055935,-0.0187285,0.000247621,0.000268782
0.0556062,-0.018893,0.000247539,0.000268673
0.0554417,-0.0190574,0.000247442,0.000268545
0.0554417,-0.0185641,0.000247328,0.00026841
0.0549485,-0.0195507,0.000247209,0.00026829
0.0549485,-0.0195507,0.000247102,0.000268204
0.0546196,-0.0195507,0.000247011,0.000268135
0.0551129,-0.0195507,0.000246931,0.000268056
0.0549485,-0.0192218,0.000246852,0.00026796
0.0551129,-0.018893,0.000246765,0.000267874
0.0549485,-0.0195507,0.00024667,0.000267809
0.0549485,-0.0197151,0.000246565,0.000267741
0.054784,-0.0198795,0.000246438,0.000267659
0.0546196,-0.0198795,0.000246284,0.000267563
0.0549485,-0.0200439,0.000246111,0.000267447
0.0552773,-0.0190574,0.000245946,0.000267336
0.0554417,-0.0192218,0.000245813,0.000267271
0.0552773,-0.0190574,0.000245709,0.000267252
0.0552773,-0.018893,0.000245606,0.000267264
0.0556062,-0.0192218,0.000245495,0.000267286
0.0556062,-0.018893,0.000245383,0.000267294
0.0552773,-0.0185641,0.000245269,0.000267292
0.0551129,-0.0192218,0.000245155,0.000267301
0.054784,-0.0192218,0.00024506,0.000267324
0.0549485,-0.0190574,0.000244993,0.000267346
0.0549485,-0.0190574,0.000244936,0.000267352
0.0554417,-0.018893,0.000244875,0.000267331
0.0549485,-0.018893,0.000244816,0.000267276
0.0546196,-0.018893,0.000244762,0.000267183
0.0549485,-0.0192218,0.00024471,0.000267065
0.0551129,-0.018893,0.000244646,0.000266936
0.0546196,-0.0192218,0.000244572,0.000266793
0.0542908,-0.0195507,0.000244504,0.00026665
0.0539619,-0.0198795,0.000244462,0.000266536
0.0539619,-0.0198795,0.00024445,0.000266458
0.0537975,-0.0197151,0.00024445,0.000266389
0.0539619,-0.0198795,0.000244444,0.000266299
0.0541263,-0.0197151,0.000244427,0.000266181
0.0542908,-0.0200439,0.000244418,0.000266043
0.0544552,-0.0195507,0.000244437,0.000265897
0.0542908,-0.0193862,0.000244486,0.000265767
0.0542908,-0.0197151,0.000244544,0.000265657
0.054784,-0.0195507,0.000244613,0.000265543
0.0542908,-0.0197151,0.000244696,0.000265413
0.0541263,-0.0195507,0.00024477,0.000265261
0.0541263,-0.0195507,0.000244825,0.00026509
0.0544552,-0.0192218,0.000244864,0.00026491
0.0554417,-0.0183997,0.000244921,0.000264759
0.0552773,-0.0182353,0.000245038,0.000264682
0.0554417,-0.0183997,0.000245203,0.000264665
0.0552773,-0.0182353,0.000245376,0.00026466
0.0554417,-0.0185641,0.000245527,0.000264649
0.0552773,-0.0183997,0.000245649,0.000264632
0.0549485,-0.0185641,0.000245769,0.000264614
0.054784,-0.0187285,0.000245921,0.00026461
0.0552773,-0.0183997,0.000246098,0.000264623
0.0549485,-0.0183997,0.000246271,0.000264629
0.0546196,-0.0180709,0.00024645,0.000264616
0.0549485,-0.0182353,0.000246645,0.00026458
0.0549485,-0.0183997,0.000246827,0.000264527
0.0551129,-0.0183997,0.000246979,0.000264467
0.0551129,-0.0182353,0.000247105,0.000264396
0.054784,-0.0183997,0.000247209,0.000264304
0.0546196,-0.0185641,0.000247304,0.000264199
0.0539619,-0.0187285,0.000247415,0.000264097
0.0539619,-0.0190574,0.000247567,0.000264011
0.0541263,-0.0190574,0.000247743,0.000263948
0.0544552,-0.0187285,0.000247911,0.000263891
0.0546196,-0.0183997,0.000248083,0.000263833
0.054784,-0.0175776,0.000248279,0.000263813
0.054784,-0.0179064,0.000248503,0.000263864
0.054784,-0.0185641,0.000248744,0.000263958
0.0549485,-0.0185641,0.000248991,0.000264058
0.054784,-0.0182353,0.000249232,0.000264149
0.0551129,-0.0183997,0.000249458,0.000264217
0.0549485,-0.0182353,0.000249668,0.000264256
0.0549485,-0.0185641,0.000249849,0.00026427
0.054784,-0.0180709,0.000249999,0.000264275
0.0546196,-0.0179064,0.000250136,0.000264276
0.054784,-0.0170843,0.000250268,0.000264302
0.054784,-0.0172487,0.00025038,0.000264378
0.054784,-0.0180709,0.000250464,0.000264495
0.054784,-0.0185641,0.000250517,0.000264658
0.0546196,-0.0179064,0.000250542,0.000264865
0.0544552,-0.0182353,0.000250552,0.000265079
0.0541263,-0.0182353,0.000250566,0.000265287
0.0542908,-0.0180709,0.000250589,0.000265483
0.0539619,-0.0187285,0.00025061,0.000265668
0.0539619,-0.0185641,0.000250625,0.00026586
0.0541263,-0.0180709,0.000250629,0.000266058
0.0539619,-0.0175776,0.000250609,0.000266271
0.0541263,-0.0185641,0.000250562,0.000266516
0.0539619,-0.0190574,0.000250497,0.000266795
0.0533042,-0.018893,0.000250425,0.000267102
0.0534686,-0.0190574,0.000250357,0.000267417
0.0541263,-0.0183997,0.000250298,0.000267733
0.0542908,-0.0183997,0.000250272,0.000268061
0.0542908,-0.0174132,0.000250292,0.000268433
0.0546196,-0.0179064,0.000250352,0.000268872
0.0539619,-0.0179064,0.000250441,0.000269341
0.0541263,-0.0183997,0.000250526,0.000269802
0.0542908,-0.0180709,0.000250582,0.000270246
0.0542908,-0.0183997,0.000250609,0.000270665
0.054784,-0.0179064,0.00025062,0.000271066
0.0546196,-0.0179064,0.000250631,0.000271448
0.054784,-0.0183997,0.000250632,0.000271809
0.0546196,-0.0180709,0.000250613,0.000272155
0.0544552,-0.0179064,0.00025058,0.000272473
0.0549485,-0.0172487,0.000250539,0.000272776
0.0541263,-0.0175776,0.000250509,0.000273088
0.0544552,-0.017742,0.000250503,0.000273388
0.0542908,-0.0179064,0.000250507,0.000273664
0.0544552,-0.0175776,0.000250503,0.000273922
0.0551129,-0.0179064,0.000250495,0.000274157
0.0542908,-0.0179064,0.000250504,0.000274378
0.0542908,-0.0185641,0.000250531,0.000274609
0.0541263,-0.0182353,0.000250564,0.000274866
0.0542908,-0.0180709,0.000250592,0.000275121
0.0542908,-0.0185641,0.000250597,0.000275353
0.0541263,-0.0180709,0.000250569,0.000275575
0.0542908,-0.0182353,0.000250516,0.000275783
0.0536331,-0.0185641,0.000250453,0.000275965
0.0541263,-0.0185641,0.000250398,0.000276122
0.0537975,-0.0185641,0.000250339,0.000276247
0.0536331,-0.0185641,0.000250264,0.000276333
0.0537975,-0.0185641,0.000250173,0.000276382
0.0539619,-0.0190574,0.000250067,0.000276407
0.0539619,-0.0183997,0.000249955,0.000276432
0.0537975,-0.0183997,0.000249834,0.000276469
0.0541263,-0.0187285,0.000249703,0.000276503
0.0539619,-0.0180709,0.000249568,0.000276531
0.0542908,-0.0182353,0.000249432,0.000276569
0.0541263,-0.0182353,0.000249296,0.000276611
0.0546196,-0.0187285,0.000249163,0.000276644
0.0546196,-0.0179064,0.000249046,0.000276683
0.0544552,-0.0187285,0.000248932,0.000276741
0.0539619,-0.018893,0.00024881,0.000276822
0.0542908,-0.0187285,0.000248693,0.000276913
0.0541263,-0.0185641,0.000248572,0.00027699
0.0544552,-0.0187285,0.00024844,0.000277036
0.0541263,-0.0192218,0.000248297,0.000277063
0.0541263,-0.0187285,0.000248146,0.000277091
0.0542908,-0.0187285,0.000247981,0.00027711
0.0542908,-0.0185641,0.00024779,0.000277111
0.0537975,-0.0193862,0.00024758,0.000277115
0.0537975,-0.0193862,0.000247378,0.000277135
0.0537975,-0.0195507,0.000247184,0.000277165
0.0536331,-0.0192218,0.000246984,0.000277191
0.0539619,-0.0192218,0.000246779,0.000277202
0.0537975,-0.018893,0.000246562,0.000277207
0.0537975,-0.0197151,0.000246324,0.000277223
0.0536331,-0.0197151,0.000246059,0.000277247
0.0539619,-0.0192218,0.000245779,0.000277269
0.0541263,-0.0193862,0.000245502,0.000277286
0.0533042,-0.0193862,0.000245248,0.00027729
0.0537975,-0.0202084,0.000245013,0.00027729
0.0533042,-0.0200439,0.000244784,0.000277303
0.0529754,-0.0203728,0.000244565,0.000277324
0.0534686,-0.0197151,0.000244365,0.000277351
0.0539619,-0.0198795,0.000244183,0.000277387
0.0534686,-0.0202084,0.000244019,0.000277414
0.0534686,-0.0203728,0.000243844,0.000277415
0.0531398,-0.0207016,0.000243646,0.000277399
0.0536331,-0.0208661,0.000243444,0.000277379
0.0536331,-0.0197151,0.000243247,0.000277382
0.0536331,-0.0208661,0.000243049,0.000277433
0.0531398,-0.0202084,0.000242849,0.000277513
0.0539619,-0.0198795,0.000242664,0.000277615
0.0544552,-0.0200439,0.000242523,0.000277746
0.0541263,-0.0200439,0.000242431,0.000277887
0.0544552,-0.0197151,0.00024236,0.000278025
0.0539619,-0.0203728,0.000242297,0.000278169
0.0537975,-0.0208661,0.000242246,0.000278332
0.0537975,-0.0208661,0.000242209,0.000278528
0.0529754,-0.0210305,0.000242211,0.000278752
0.0537975,-0.0210305,0.000242263,0.000278986
0.0537975,-0.0208661,0.000242319,0.000279209
0.0536331,-0.0203728,0.000242345,0.000279416
0.0537975,-0.0202084,0.000242346,0.00027964
0.0541263,-0.0205372,0.000242333,0.000279884
0.0544552,-0.0203728,0.000242335,0.000280118
0.0542908,-0.0200439,0.00024236,0.000280344
0.0544552,-0.0200439,0.000242392,0.000280575
0.0542908,-0.0202084,0.000242413,0.000280795
0.0551129,-0.018893,0.00024243,0.000281021
0.0554417,-0.0193862,0.000242482,0.000281292
0.0554417,-0.0190574,0.00024258,0.000281586
0.0557706,-0.0190574,0.000242702,0.000281869
0.0556062,-0.0187285,0.000242824,0.000282132
0.0557706,-0.0192218,0.000242926,0.000282382
0.0552773,-0.0187285,0.000243017,0.000282624
0.0556062,-0.0190574,0.000243126,0.00028285
0.0557706,-0.018893,0.000243245,0.000283069
0.0556062,-0.0192218,0.000243359,0.000283295
0.055935,-0.0192218,0.000243467,0.000283542
0.0560994,-0.0187285,0.000243553,0.000283798
0.0556062,-0.0192218,0.000243622,0.000284044
0.0557706,-0.0192218,0.000243699,0.000284287
0.055935,-0.0190574,0.000243777,0.000284524
0.0557706,-0.0192218,0.000243839,0.000284738
0.0556062,-0.018893,0.000243896,0.000284928
0.0557706,-0.0192218,0.00024395,0.000285096
0.0554417,-0.0193862,0.000243999,0.000285245
0.0554417,-0.0192218,0.000244048,0.000285372
0.0551129,-0.0197151,0.000244105,0.000285478
0.0556062,-0.0198795,0.00024417,0.000285582
0.0551129,-0.0193862,0.000244235,0.000285693
0.0554417,-0.0193862,0.000244293,0.000285797
0.0560994,-0.0192218,0.000244362,0.000285892
0.0562638,-0.0182353,0.000244477,0.000286017
0.0569215,-0.0183997,0.000244667,0.000286215
0.0569215,-0.017742,0.000244941,0.000286488
0.0569215,-0.0180709,0.000245268,0.000286814
0.0569215,-0.0180709,0.000245603,0.000287146
0.0572504,-0.0170843,0.000245922,0.000287468
0.0569215,-0.0180709,0.000246226,0.000287818
0.0567571,-0.0182353,0.000246534,0.000288206
0.0569215,-0.0180709,0.000246856,0.000288626
0.0569215,-0.017742,0.000247185,0.000289051
0.057086,-0.017742,0.000247509,0.000289453
0.0575792,-0.017742,0.000247821,0.000289824
0.0577437,-0.0172487,0.000248123,0.000290171
0.0577437,-0.0172487,0.000248411,0.000290495
0.0577437,-0.0167555,0.000248672,0.000290797
0.057086,-0.017742,0.000248922,0.000291109
0.0575792,-0.0170843,0.000249188,0.000291436
0.0575792,-0.0172487,0.000249451,0.000291748
0.057086,-0.017742,0.000249707,0.000292047
0.0572504,-0.0175776,0.000249978,0.000292362
0.0575792,-0.0175776,0.00025025,0.000292682
0.0572504,-0.0175776,0.000250505,0.000292987
0.0574148,-0.0179064,0.000250736,0.000293277
0.0567571,-0.0174132,0.000250955,0.000293557
0.0567571,-0.0179064,0.000251188,0.000293826
0.057086,-0.0179064,0.000251429,0.000294078
0.0564283,-0.0180709,0.000251664,0.000294309
0.0565927,-0.0175776,0.000251897,0.000294524
0.0565927,-0.0179064,0.000252112,0.000294723
0.057086,-0.017742,0.000252308,0.000294893
0.0572504,-0.0175776,0.000252522,0.000295038
0.0574148,-0.0174132,0.000252775,0.000295177
0.0574148,-0.0169199,0.000253062,0.000295331
0.057086,-0.0172487,0.000253355,0.000295506
0.0575792,-0.0169199,0.000253636,0.000295682
0.0577437,-0.0167555,0.000253916,0.000295851
0.0572504,-0.0175776,0.000254201,0.000296028
0.0577437,-0.0169199,0.000254481,0.000296216
0.0574148,-0.0169199,0.000254749,0.000296386
0.0575792,-0.0170843,0.000254997,0.000296518
0.0572504,-0.0170843,0.000255226,0.000296624
0.0575792,-0.0174132,0.000255441,0.00029672
0.0577437,-0.016591,0.00025563,0.000296823
0.0575792,-0.0167555,0.000255788,0.000296927
0.0574148,-0.0167555,0.000255924,0.000297004
0.0574148,-0.0170843,0.000256047,0.00029705
0.0577437,-0.016591,0.000256156,0.00029708
0.0577437,-0.0167555,0.000256245,0.00029709
0.0574148,-0.0170843,0.000256314,0.000297078
0.0577437,-0.016591,0.000256367,0.000297054
0.0572504,-0.0172487,0.00025641,0.000297028
0.0572504,-0.0167555,0.000256453,0.000297002
0.057086,-0.0169199,0.000256499,0.000296958
0.0567571,-0.0170843,0.000256553,0.000296885
0.0567571,-0.0172487,0.000256621,0.000296795
0.0569215,-0.0170843,0.000256687,0.000296688
0.0567571,-0.0175776,0.000256724,0.000296563
0.0564283,-0.0174132,0.000256735,0.00029643
0.0565927,-0.0175776,0.000256728,0.000296282
0.0569215,-0.0174132,0.00025671,0.000296109
0.057086,-0.0170843,0.000256705,0.000295921
0.0567571,-0.0169199,0.000256716,0.000295742
0.057086,-0.0167555,0.000256727,0.00029559
0.0572504,-0.016591,0.000256746,0.000295465
0.0574148,-0.0167555,0.000256788,0.000295355
0.057086,-0.0164266,0.000256837,0.000295241
0.0575792,-0.0162622,0.000256878,0.000295127
0.0575792,-0.0160978,0.000256915,0.000295015
0.0572504,-0.0160978,0.000256949,0.000294896
0.0575792,-0.0159333,0.000256969,0.000294755
0.0577437,-0.0160978,0.000256968,0.00029459
0.0579081,-0.0160978,0.000256948,0.000294406
0.0579081,-0.0162622,0.000256909,0.000294218
0.0579081,-0.0160978,0.000256842,0.000294032
0.0580725,-0.0156045,0.000256743,0.000293841
0.0575792,-0.0156045,0.000256628,0.000293636
0.0580725,-0.0162622,0.000256514,0.000293426
0.0577437,-0.0162622,0.000256395,0.000293239
0.0574148,-0.0160978,0.000256283,0.000293072
0.0567571,-0.0160978,0.000256222,0.000292898
0.0574148,-0.0164266,0.000256218,0.000292715
0.0574148,-0.0160978,0.000256214,0.000292524
0.0572504,-0.0164266,0.000256177,0.000292318
0.0575792,-0.0160978,0.000256117,0.000292094
0.0575792,-0.0156045,0.000256051,0.00029187
0.0572504,-0.0160978,0.000255977,0.000291653
0.0572504,-0.0156045,0.000255882,0.000291433
0.0575792,-0.0159333,0.000255767,0.000291205
0.0567571,-0.0162622,0.000255656,0.000290965
0.0569215,-0.0162622,0.000255561,0.000290719
0.0569215,-0.0162622,0.000255461,0.000290468
0.0572504,-0.0152757,0.000255345,0.000290227
0.0572504,-0.0159333,0.000255225,0.00029001
0.0572504,-0.0156045,0.000255105,0.000289793
0.0572504,-0.0159333,0.000254977,0.00028956
0.0572504,-0.0154401,0.000254835,0.000289318
0.0575792,-0.0160978,0.000254683,0.000289077
0.0569215,-0.0159333,0.00025454,0.000288844
0.0565927,-0.0162622,0.000254417,0.000288612
0.057086,-0.0160978,0.000254313,0.000288381
0.0564283,-0.0160978,0.000254214,0.000288137
0.0564283,-0.0162622,0.000254129,0.000287868
0.0567571,-0.0159333,0.000254052,0.000287583
0.057086,-0.0152757,0.000253975,0.000287306
0.0572504,-0.0156045,0.000253916,0.00028706
0.057086,-0.0156045,0.000253879,0.000286822
0.0569215,-0.0152757,0.000253838,0.000286572
0.0569215,-0.0157689,0.000253765,0.000286321
0.0564283,-0.0157689,0.000253672,0.000286069
0.0569215,-0.0159333,0.000253579,0.000285813
0.057086,-0.0157689,0.000253485,0.000285554
0.0567571,-0.0151112,0.000253381,0.000285292
0.057086,-0.0156045,0.000253265,0.000285035
0.0567571,-0.0154401,0.000253137,0.000284767
0.0569215,-0.0156045,0.000252993,0.000284472
0.0567571,-0.0157689,0.000252824,0.000284159
0.0564283,-0.0160978,0.000252643,0.000283852
0.055935,-0.0160978,0.000252481,0.000283563
0.0556062,-0.0164266,0.000252373,0.000283295
0.055935,-0.0162622,0.000252307,0.00028304
0.0562638,-0.0162622,0.000252248,0.000282773
0.0562638,-0.0164266,0.00025219,0.000282476
0.0562638,-0.0160978,0.000252139,0.000282159
0.0567571,-0.0156045,0.000252108,0.000281856
0.0569215,-0.0157689,0.000252124,0.000281591
0.0565927,-0.0152757,0.000252179,0.000281366
0.0567571,-0.0152757,0.000252236,0.000281183
0.057086,-0.0152757,0.00025229,0.000281028
0.0565927,-0.0149468,0.00025235,0.000280882
0.057086,-0.014618,0.000252408,0.000280752
0.0575792,-0.0147824,0.000252472,0.000280632
0.0575792,-0.0144535,0.000252555,0.0002805
0.0574148,-0.014618,0.000252641,0.00028035
0.0577437,-0.0147824,0.000252706,0.00028019
0.0574148,-0.014618,0.000252754,0.00028003
0.0575792,-0.0149468,0.000252795,0.000279878
0.0574148,-0.0147824,0.000252831,0.000279744
0.0574148,-0.0151112,0.000252869,0.000279632
0.0572504,-0.0149468,0.000252918,0.000279541
0.0569215,-0.0152757,0.000252991,0.000279465
0.0564283,-0.0154401,0.000253116,0.00027941
0.0562638,-0.0157689,0.000253312,0.000279387
0.0564283,-0.0157689,0.000253558,0.000279392
0.0564283,-0.0159333,0.000253809,0.00027941
0.0569215,-0.0152757,0.000254049,0.000279435
0.0565927,-0.0157689,0.000254288,0.000279463
0.0565927,-0.0156045,0.000254517,0.000279475
0.0569215,-0.0152757,0.000254735,0.000279477
0.0567571,-0.0152757,0.000254959,0.000279497
0.0569215,-0.0152757,0.000255184,0.000279533
0.0565927,-0.0156045,0.000255399,0.000279564
0.0564283,-0.0162622,0.000255593,0.000279591
0.0564283,-0.0156045,0.000255762,0.000279629
0.0565927,-0.0160978,0.000255906,0.000279671
0.0565927,-0.0159333,0.000256021,0.000279694
0.0565927,-0.0159333,0.000256108,0.000279686
0.0565927,-0.0160978,0.000256165,0.00027964
0.0560994,-0.0160978,0.000256204,0.000279558
0.0562638,-0.0162622,0.000256235,0.000279439
0.0560994,-0.0157689,0.000256254,0.000279302
0.0557706,-0.0167555,0.000256263,0.000279178
0.0560994,-0.0162622,0.000256269,0.000279074
0.0560994,-0.0160978,0.000256259,0.000278966
0.0564283,-0.0154401,0.000256239,0.000278871
0.0564283,-0.0156045,0.000256226,0.000278821
0.0569215,-0.0156045,0.00025624,0.0002788
0.057086,-0.0154401,0.000256297,0.000278782
0.0567571,-0.0152757,0.000256384,0.000278762
0.0567571,-0.0157689,0.000256458,0.000278743
0.0569215,-0.0152757,0.000256497,0.000278721
0.0569215,-0.0154401,0.000256501,0.000278682
0.0567571,-0.0157689,0.000256476,0.000278629
0.055935,-0.0160978,0.000256463,0.000278591
0.0557706,-0.016591,0.000256517,0.000278603
0.0557706,-0.016591,0.000256642,0.000278681
0.0557706,-0.016591,0.000256804,0.000278801
0.0560994,-0.0170843,0.000256971,0.000278943
0.0554417,-0.0169199,0.000257132,0.000279098
0.0554417,-0.0167555,0.000257292,0.000279244
0.0557706,-0.0170843,0.000257447,0.000279365
0.0549485,-0.0174132,0.000257601,0.000279457
0.054784,-0.0175776,0.000257768,0.000279527
0.0549485,-0.0179064,0.000257936,0.00027958
0.0552773,-0.0175776,0.000258092,0.000279623
0.0551129,-0.0169199,0.00025825,0.000279684
0.0556062,-0.0167555,0.000258428,0.00027981
0.0556062,-0.016591,0.000258647,0.000280018
0.0552773,-0.0172487,0.000258895,0.00028027
0.0554417,-0.0172487,0.000259137,0.000280506
0.0554417,-0.0170843,0.000259364,0.0002807
0.0546196,-0.0179064,0.000259592,0.000280881
0.054784,-0.0179064,0.000259836,0.000281082
0.0546196,-0.017742,0.000260086,0.000281293
0.0542908,-0.0179064,0.000260338,0.000281484
0.0549485,-0.0174132,0.000260601,0.000281656
0.0541263,-0.0175776,0.000260876,0.000281823
0.054784,-0.017742,0.000261163,0.000281971
0.0541263,-0.0182353,0.000261457,0.000282094
0.0546196,-0.0183997,0.00026175,0.000282214
0.0541263,-0.0183997,0.000262037,0.000282336
0.0544552,-0.0180709,0.00026231,0.000282448
0.0537975,-0.0179064,0.000262574,0.000282554
0.0542908,-0.0180709,0.000262838,0.000282658
0.0544552,-0.0182353,0.000263102,0.000282744
0.0546196,-0.0174132,0.000263376,0.000282821
0.0551129,-0.0174132,0.00026368,0.000282932
0.0551129,-0.0174132,0.000264029,0.000283079
0.0549485,-0.017742,0.000264403,0.000283228
0.0554417,-0.0172487,0.000264777,0.000283363
0.0551129,-0.0172487,0.000265146,0.000283485
0.0544552,-0.0175776,0.000265514,0.000283593
0.0544552,-0.0179064,0.000265908,0.000283699
0.0541263,-0.0180709,0.000266344,0.000283826
0.0541263,-0.0183997,0.000266819,0.000283991
0.0537975,-0.0185641,0.000267326,0.0002842
0.0537975,-0.0183997,0.000267855,0.000284436
0.0539619,-0.0183997,0.000268378,0.000284661
0.0537975,-0.0187285,0.000268865,0.000284859
0.0536331,-0.0187285,0.000269309,0.000285034
0.0536331,-0.0187285,0.000269712,0.000285177
0.0537975,-0.0190574,0.000270082,0.000285286
0.0536331,-0.018893,0.000270429,0.000285367
0.0544552,-0.0183997,0.000270779,0.000285441
0.0542908,-0.0182353,0.000271169,0.000285545
0.0544552,-0.0182353,0.000271598,0.000285691
0.0549485,-0.0180709,0.000272061,0.000285868
0.0549485,-0.0180709,0.000272565,0.000286062
0.0546196,-0.0180709,0.000273083,0.000286257
0.054784,-0.0180709,0.000273571,0.000286433
0.0546196,-0.0175776,0.000274019,0.000286589
0.0549485,-0.017742,0.000274435,0.000286737
0.0542908,-0.0180709,0.000274837,0.000286871
0.054784,-0.0182353,0.000275238,0.000287
0.0546196,-0.0180709,0.000275625,0.000287132
0.0544552,-0.0174132,0.000275992,0.000287264
0.0546196,-0.0190574,0.000276346,0.00028743
0.0541263,-0.018893,0.00027669,0.000287681
0.0539619,-0.0190574,0.000277045,0.000288
0.0534686,-0.0192218,0.000277434,0.000288355
0.0533042,-0.0192218,0.000277866,0.000288725
0.0534686,-0.0190574,0.000278323,0.00028908
0.052811,-0.0193862,0.000278781,0.000289405
0.0529754,-0.0193862,0.000279237,0.000289692
0.0531398,-0.0195507,0.000279679,0.000289935
0.0534686,-0.0195507,0.000280112,0.000290135
0.0534686,-0.0192218,0.000280566,0.000290312
0.0537975,-0.0190574,0.000281059,0.000290502
0.0539619,-0.0190574,0.0002816,0.000290719
0.0539619,-0.0185641,0.000282188,0.000290971
0.0546196,-0.018893,0.000282818,0.000291256
0.054784,-0.0182353,0.000283507,0.000291564
0.0542908,-0.0190574,0.000284227,0.000291895
0.0542908,-0.0183997,0.000284925,0.000292234
0.0536331,-0.018893,0.000285607,0.000292567
0.0539619,-0.0190574,0.000286306,0.000292895
0.0539619,-0.0190574,0.000287009,0.00029322
0.0537975,-0.0187285,0.000287698,0.000293534
0.0534686,-0.0195507,0.000288386,0.000293838
0.0534686,-0.0193862,0.000289084,0.000294157
0.0537975,-0.0193862,0.000289775,0.000294482
0.052811,-0.0202084,0.000290456,0.000294812
0.0529754,-0.0197151,0.000291152,0.000295159
0.0537975,-0.0193862,0.000291866,0.000295501
0.0537975,-0.0195507,0.000292595,0.000295825
0.0537975,-0.0197151,0.000293337,0.000296124
0.0534686,-0.0197151,0.000294066,0.000296385
0.0534686,-0.0195507,0.000294751,0.000296612
0.0533042,-0.0200439,0.000295384,0.00029682
0.0529754,-0.0203728,0.000295981,0.000297017
0.0529754,-0.0202084,0.00029656,0.000297202
0.052811,-0.0205372,0.000297118,0.000297364
0.0524821,-0.0200439,0.00029766,0.000297509
0.052811,-0.0205372,0.000298187,0.000297645
0.0526465,-0.0205372,0.00029868,0.000297754
0.0526465,-0.0203728,0.000299126,0.000297827
0.0526465,-0.0207016,0.000299529,0.000297872
0.0526465,-0.0202084,0.000299898,0.000297899
0.0526465,-0.0205372,0.000300237,0.000297918
0.0523177,-0.0208661,0.000300546,0.000297921
0.0524821,-0.0208661,0.000300823,0.000297897
0.052811,-0.0207016,0.000301077,0.000297845
0.052811,-0.0205372,0.000301327,0.000297773
0.0523177,-0.0203728,0.000301573,0.000297697
0.052811,-0.0207016,0.000301806,0.000297615
0.0526465,-0.0211949,0.000302021,0.000297518
0.0531398,-0.0203728,0.000302222,0.000297426
0.0531398,-0.0202084,0.000302423,0.000297357
0.0533042,-0.0200439,0.000302627,0.000297313
0.0536331,-0.0200439,0.000302833,0.000297286
0.0534686,-0.0195507,0.000303037,0.000297274
0.0537975,-0.0198795,0.000303223,0.00029727
0.0537975,-0.0198795,0.000303384,0.000297246
0.0536331,-0.0198795,0.000303518,0.000297188
0.0537975,-0.0198795,0.000303623,0.000297101
0.0539619,-0.0195507,0.000303694,0.000296991
0.0537975,-0.0197151,0.000303729,0.000296856
0.0544552,-0.0193862,0.000303746,0.000296696
0.0546196,-0.0192218,0.00030376,0.000296513
0.0539619,-0.0197151,0.000303777,0.000296318
0.0536331,-0.0198795,0.000303821,0.000296134
0.0537975,-0.0200439,0.000303904,0.000295977
0.0536331,-0.0208661,0.000304011,0.000295875
0.0529754,-0.0207016,0.000304152,0.000295849
0.0533042,-0.0203728,0.000304337,0.000295862
0.0536331,-0.0205372,0.000304532,0.000295854
0.0539619,-0.0198795,0.000304714,0.00029583
0.0541263,-0.0197151,0.000304903,0.000295832
0.0546196,-0.0193862,0.000305123,0.000295885
0.0546196,-0.0190574,0.000305387,0.000296
0.0546196,-0.0193862,0.000305677,0.000296162
0.054784,-0.018893,0.000305965,0.00029634
0.054784,-0.018893,0.000306235,0.000296524
0.054784,-0.018893,0.00030647,0.000296698
0.0551129,-0.018893,0.000306666,0.000296841
0.0549485,-0.0187285,0.000306829,0.000296942
0.0551129,-0.018893,0.000306959,0.000297009
0.0549485,-0.0190574,0.000307057,0.000297066
0.0552773,-0.0187285,0.000307129,0.000297119
0.0554417,-0.018893,0.000307165,0.000297158
0.0546196,-0.0195507,0.000307187,0.000297205
0.054784,-0.0192218,0.000307235,0.000297287
0.0551129,-0.0192218,0.000307297,0.000297382
0.0551129,-0.0190574,0.00030733,0.000297456
0.0546196,-0.0197151,0.000307338,0.000297512
0.054784,-0.0190574,0.000307342,0.000297571
0.0557706,-0.0192218,0.000307359,0.000297622
0.0557706,-0.0185641,0.000307409,0.000297662
0.055935,-0.018893,0.000307492,0.000297711
0.0557706,-0.0190574,0.000307582,0.00029775
0.0556062,-0.0192218,0.000307651,0.000297758
0.0554417,-0.0190574,0.000307699,0.000297736
0.0551129,-0.0187285,0.000307749,0.000297687
0.0551129,-0.0192218,0.000307819,0.000297623
0.0552773,-0.0195507,0.000307899,0.00029756
0.0556062,-0.0185641,0.000307963,0.000297517
0.0557706,-0.0182353,0.000308008,0.000297512
0.0557706,-0.0197151,0.000308039,0.000297564
0.0554417,-0.0190574,0.000308051,0.00029766
0.0552773,-0.0187285,0.000308047,0.000297753
0.0551129,-0.0192218,0.000308036,0.000297828
0.0546196,-0.0193862,0.00030804,0.000297897
0.0552773,-0.0192218,0.000308064,0.000297954
0.0549485,-0.0193862,0.000308081,0.000297986
0.0546196,-0.0193862,0.000308078,0.000297988
0.054784,-0.0200439,0.000308056,0.000297979
0.0541263,-0.0200439,0.000308019,0.000297984
0.0544552,-0.0195507,0.000307974,0.000298001
0.0551129,-0.0197151,0.000307929,0.00029801
0.0551129,-0.0192218,0.000307909,0.000298012
0.0549485,-0.0195507,0.000307917,0.000298021
0.0549485,-0.0200439,0.000307925,0.000298028
0.0552773,-0.0193862,0.000307925,0.000298032
0.0554417,-0.0198795,0.000307934,0.000298035
0.054784,-0.0192218,0.000307954,0.000298035
0.0549485,-0.0193862,0.000307969,0.000298041
0.0551129,-0.018893,0.000307958,0.000298056
0.0557706,-0.0190574,0.000307928,0.000298084
0.0549485,-0.0185641,0.00030791,0.000298121
0.0556062,-0.0187285,0.000307905,0.000298164
0.0556062,-0.018893,0.000307892,0.000298195
0.0552773,-0.0187285,0.000307862,0.000298196
0.0551129,-0.0192218,0.000307822,0.000298177
0.0552773,-0.0190574,0.000307775,0.000298164
0.0554417,-0.018893,0.000307704,0.000298149
0.0554417,-0.0190574,0.000307594,0.000298114
0.0551129,-0.0190574,0.000307451,0.000298062
0.0551129,-0.0185641,0.000307294,0.000297998
0.055935,-0.0185641,0.000307141,0.000297924
0.0562638,-0.0179064,0.000307018,0.000297854
0.0560994,-0.0180709,0.00030693,0.000297805
0.0560994,-0.0175776,0.000306845,0.000297773
0.0562638,-0.0182353,0.000306737,0.000297756
0.0567571,-0.0172487,0.000306615,0.000297756
0.0565927,-0.0174132,0.000306487,0.000297767
0.0560994,-0.0179064,0.000306353,0.000297778
0.0564283,-0.0174132,0.00030622,0.000297783
0.0562638,-0.0170843,0.000306084,0.000297767
0.0565927,-0.0174132,0.000305932,0.000297729
0.0565927,-0.0170843,0.000305751,0.000297672
0.0565927,-0.0172487,0.000305533,0.000297589
0.0567571,-0.0169199,0.000305283,0.000297481
0.0567571,-0.017742,0.000304995,0.000297369
0.0565927,-0.0175776,0.000304677,0.000297289
0.055935,-0.017742,0.000304364,0.000297245
0.0564283,-0.0174132,0.000304078,0.00029721
0.0564283,-0.0172487,0.000303789,0.000297154
0.0565927,-0.0169199,0.000303471,0.000297078
0.0569215,-0.0169199,0.000303135,0.000296998
0.057086,-0.016591,0.000302804,0.000296921
0.057086,-0.0164266,0.000302483,0.000296855
0.0565927,-0.0170843,0.000302165,0.000296802
0.0567571,-0.0174132,0.000301841,0.00029677
0.0567571,-0.0167555,0.000301499,0.000296756
0.0565927,-0.0170843,0.000301136,0.000296737
0.0567571,-0.0174132,0.000300755,0.00029671
0.057086,-0.0167555,0.000300354,0.000296691
0.0567571,-0.0164266,0.000299938,0.00029668
0.0569215,-0.0164266,0.000299503,0.000296678
0.0569215,-0.016591,0.000299038,0.000296669
0.0567571,-0.016591,0.000298542,0.000296627
0.0569215,-0.0162622,0.000298022,0.000296551
0.057086,-0.016591,0.000297477,0.000296455
0.057086,-0.0164266,0.000296912,0.000296338
0.0565927,-0.0167555,0.000296337,0.0002962
0.0565927,-0.0169199,0.000295769,0.000296062
0.0565927,-0.0164266,0.000295207,0.000295931
0.0565927,-0.0174132,0.000294637,0.00029581
0.0565927,-0.0167555,0.000294047,0.00029571
0.0565927,-0.016591,0.000293428,0.000295608
0.0569215,-0.0167555,0.000292789,0.000295481
0.0567571,-0.0167555,0.000292142,0.000295321
0.0569215,-0.0170843,0.000291487,0.00029513
0.0565927,-0.0172487,0.000290824,0.000294927
0.0560994,-0.0169199,0.000290164,0.000294717
0.0565927,-0.0172487,0.000289519,0.000294492
0.0567571,-0.0169199,0.000288876,0.000294249
0.0569215,-0.0167555,0.000288232,0.000294
0.0569215,-0.0167555,0.000287597,0.000293751
0.057086,-0.0162622,0.000286967,0.000293514
0.0567571,-0.016591,0.000286338,0.000293294
0.057086,-0.0167555,0.000285702,0.000293067
0.0572504,-0.016591,0.000285058,0.000292811
0.0569215,-0.0167555,0.000284413,0.000292527
0.0562638,-0.0170843,0.000283783,0.000292229
0.0560994,-0.0175776,0.000283205,0.000291955
0.055935,-0.017742,0.000282691,0.000291733
0.0556062,-0.017742,0.000282231,0.000291557
0.0564283,-0.0179064,0.000281817,0.000291399
0.055935,-0.0175776,0.000281422,0.000291242
0.0560994,-0.0175776,0.000281016,0.000291075
0.055935,-0.0175776,0.000280591,0.000290897
0.0562638,-0.0180709,0.000280155,0.00029071
0.055935,-0.0175776,0.000279715,0.000290519
0.0560994,-0.0174132,0.000279265,0.000290338
0.0560994,-0.0172487,0.000278805,0.000290184
0.0565927,-0.0172487,0.000278353,0.000290056
0.0564283,-0.017742,0.000277928,0.000289939
0.0564283,-0.0170843,0.000277515,0.000289823
0.0564283,-0.0175776,0.000277091,0.000289709
0.0562638,-0.0175776,0.000276649,0.000289583
0.0560994,-0.0174132,0.000276193,0.000289431
0.0560994,-0.017742,0.000275731,0.000289254
0.055935,-0.0174132,0.000275269,0.00028906
0.0562638,-0.0179064,0.000274803,0.000288856
0.055935,-0.0180709,0.000274329,0.000288656
0.0556062,-0.0185641,0.000273855,0.000288481
0.0557706,-0.0182353,0.00027339,0.000288333
0.0557706,-0.0182353,0.000272915,0.000288175
0.0562638,-0.017742,0.00027243,0.000287998
0.0564283,-0.0174132,0.000271964,0.000287843
0.0565927,-0.017742,0.000271535,0.000287724
0.0565927,-0.0174132,0.000271137,0.000287621
0.0564283,-0.0174132,0.000270745,0.000287526
0.0565927,-0.0174132,0.000270337,0.000287432
0.0562638,-0.0179064,0.000269912,0.00028733
0.0560994,-0.017742,0.00026949,0.000287224
0.0562638,-0.017742,0.000269075,0.000287102
0.055935,-0.0180709,0.000268664,0.000286967
0.0560994,-0.0179064,0.000268257,0.000286826
0.0557706,-0.0175776,0.000267853,0.000286674
0.055935,-0.017742,0.000267448,0.000286501
0.0562638,-0.0175776,0.000267038,0.000286301
0.055935,-0.0182353,0.000266619,0.000286089
0.055935,-0.017742,0.000266182,0.000285882
0.0557706,-0.0182353,0.00026572,0.000285673
0.0556062,-0.0180709,0.000265244,0.000285455
0.0554417,-0.0183997,0.000264763,0.000285225
0.0552773,-0.0183997,0.000264284,0.000284985
0.0552773,-0.0185641,0.000263804,0.000284735
0.0549485,-0.018893,0.000263319,0.000284479
0.0556062,-0.0187285,0.000262843,0.000284217
0.0556062,-0.0183997,0.000262396,0.000283945
0.0551129,-0.0185641,0.000261967,0.000283667
0.0551129,-0.0185641,0.000261528,0.000283384
0.054784,-0.0193862,0.000261071,0.000283102
0.0549485,-0.0195507,0.000260602,0.000282845
0.0551129,-0.0198795,0.000260121,0.00028262
0.054784,-0.0192218,0.000259629,0.000282422
0.0551129,-0.0190574,0.000259131,0.000282247
0.054784,-0.0192218,0.000258627,0.000282093
0.0552773,-0.0187285,0.000258122,0.000281965
0.0552773,-0.0195507,0.000257633,0.000281865
0.0554417,-0.0187285,0.000257168,0.000281788
0.0551129,-0.0185641,0.000256713,0.000281744
0.0551129,-0.0193862,0.000256245,0.000281736
0.0552773,-0.0192218,0.000255753,0.000281735
0.0551129,-0.0187285,0.000255243,0.000281722
0.0556062,-0.0187285,0.000254726,0.000281706
0.0554417,-0.0192218,0.00025421,0.000281688
0.0554417,-0.0192218,0.000253683,0.000281666
0.0552773,-0.0193862,0.000253135,0.00028164
0.0552773,-0.0190574,0.000252576,0.000281606
0.0554417,-0.0183997,0.000252005,0.000281569
0.0556062,-0.0187285,0.000251418,0.000281546
0.0549485,-0.0193862,0.000250831,0.000281532
0.0552773,-0.0197151,0.000250261,0.000281542
0.0551129,-0.0197151,0.000249694,0.000281593
0.0549485,-0.0195507,0.000249124,0.000281659
0.054784,-0.0197151,0.000248563,0.000281711
0.0544552,-0.0200439,0.000248023,0.000281746
