0.00000
0.00000
0.00000
0.00000
0.00000
0.00000
0.00001
0.00002
0.00003
0.00005
0.00009
0.00013
0.00018
0.00024
0.00033
0.00044
0.00057
0.00073
0.00092
0.00115
0.00141
0.00172
0.00208
0.00250
0.00298
0.00351
0.00412
0.00480
0.00557
0.00642
0.00737
0.00843
0.00959
0.01086
0.01227
0.01380
0.01547
0.01731
0.01929
0.02141
0.02372
0.02621
0.02893
0.03182
0.03489
0.03821
0.04179
0.04558
0.04962
0.05390
0.05847
0.06334
0.06849
0.07398
0.07973
0.08584
0.09230
0.09910
0.10627
0.11382
0.12176
0.13013
0.13886
0.14805
0.15771
0.16774
0.17832
0.18935
0.20088
0.21292
0.22548
0.23857
0.25222
0.26643
0.28122
0.29660
0.31261
0.32919
0.34643
0.36432
0.38287
0.40210
0.42202
0.44264
0.46399
0.48607
0.50890
0.53249
0.55686
0.58203
0.60800
0.63480
0.66243
0.69092
0.72027
0.75051
0.78165
0.81370
0.84669
0.88063
0.91553
0.95141
0.98829
1.02620
1.06514
1.10513
1.14620
1.18837
1.23165
1.27608
1.32166
1.33702
1.38531
1.43396
1.48394
1.53522
1.58780
1.64173
1.69697
1.71830
1.77647
1.83548
1.89598
1.95817
1.98388
2.04875
2.11520
2.18330
2.21306
2.28385
2.35670
2.43142
2.46578
2.54297
2.62298
2.66110
2.74333
2.82898
2.87115
2.95887
3.00376
3.09485
3.19038
3.23958
3.33700
3.38894
3.49030
3.54497
3.65010
3.70776
3.76436
3.87499
3.93665
3.99703
4.11325
4.17871
4.24324
4.36494
4.43434
4.50255
4.57177
4.64197
4.71363
4.84583
4.92227
4.99778
5.07435
5.15209
5.23102
5.31117
5.39254
5.47514
5.55899
5.64410
5.73047
5.75268
5.84004
5.92999
6.02132
6.04663
6.13953
6.23465
6.33099
6.36021
6.45850
6.48937
6.59036
6.62315
6.72691
6.76166
6.86825
6.90502
6.94235
7.05311
7.09302
7.13359
7.24866
7.29179
7.33569
7.38071
7.42686
7.54913
7.52261
7.64727
7.69840
7.75040
7.80355
7.78130
7.83659
7.89324
7.95111
8.01019
7.99283
8.05416
8.11686
8.18081
8.16748
8.23374
8.30119
8.29115
8.28184
8.35320
8.42576
8.41985
8.41506
8.49121
8.48866
8.48724
8.56711
8.56792
8.56985
8.57298
8.57728
8.58277
8.58943
8.59727
8.60627
8.53615
8.54760
8.56026
8.57408
8.50894
8.44520
8.46284
8.40182
8.42184
8.36359
8.30678
8.25135
8.27599
8.22329
8.17195
8.12220
8.07373
8.02667
7.98100
7.93670
7.89376
7.85215
7.81186
7.77287
7.65979
7.62342
7.58874
7.55518
7.52285
7.49171
7.46176
7.43288
7.33187
7.30545
7.28042
7.25651
7.16139
7.13947
7.04740
7.02790
7.00983
6.92218
6.83555
6.82034
6.73726
6.65504
6.64302
6.56440
6.48636
6.40981
6.40176
6.39592
6.25765
6.18539
6.18076
6.11326
6.04556
5.97913
5.91398
5.91374
5.78968
5.78952
5.73091
5.67135
5.61295
5.55571
5.43895
5.38212
5.32798
5.27521
5.22370
5.17334
5.12406
5.01838
4.96875
4.92204
4.82088
4.77407
4.73062
4.63428
4.59077
4.49739
4.40209
4.36050
4.32447
4.28993
4.20576
4.17079
4.08888
4.00530
3.97219
3.89618
3.82003
3.74411
3.71654
3.69327
3.62574
3.55842
3.49160
3.42710
3.40776
3.34824
3.33171
3.31642
3.26012
3.20494
3.19180
3.13930
3.12809
3.07771
3.06808
3.05886
3.01106
2.96493
2.95864
2.91390
2.87108
2.86707
2.82508
2.78525
2.78321
2.77955
2.74034
2.73876
2.70120
2.66613
2.66703
2.66575
2.63039
2.59760
2.77261
2.55426
2.56955
2.53704
2.50754
2.51181
2.48149
2.45378
2.42765
2.43278
2.40471
2.40962
2.38261
2.35808
2.36458
2.33882
2.34480
2.32003
2.32648
2.30251
2.30923
2.28599
2.29303
2.27050
2.27783
2.28393
2.26168
2.26933
2.24822
2.25631
2.23585
2.21711
2.22629
2.23344
2.21362
2.22225
2.20349
2.21248
2.19428
2.17750
2.18750
2.17003
2.17945
2.16264
2.17221
2.15576
2.16564
2.17459
2.15829
2.16827
2.15284
2.16306
2.17256
2.15713
2.16756
2.17737
2.16236
2.17308
2.15876
2.16982
2.18008
2.19016
2.20023
2.21039
2.22066
2.20625
2.21785
2.22896
2.23972
2.22567
2.23769
2.24916
2.23548
2.27273
2.25768
2.27024
2.28209
2.29376
2.28023
2.29316
2.30544
2.31742
2.32942
2.31603
2.32944
2.34215
2.35459
2.36702
2.37953
2.39213
2.37880
2.39292
2.40625
2.41934
2.43240
2.44552
2.45872
2.47202
2.48541
2.49889
2.51246
2.52613
2.53988
2.55373
2.56767
2.58170
2.59581
2.61001
2.62430
2.63868
2.65314
2.66768
2.68231
2.69702
2.71181
2.72668
2.77145
2.78359
2.79632
2.81273
2.82882
2.84450
2.86008
2.90690
2.91938
2.93504
2.95088
2.96680
2.98281
2.99888
3.04764
3.06044
3.07667
3.09306
3.10954
3.12608
3.17655
3.18967
3.20637
3.22322
3.24015
3.29210
3.30553
3.32262
3.33985
3.35715
3.41054
3.42434
3.44181
3.49621
3.51032
3.52804
3.54587
3.60151
3.61605
3.63407
3.69070
3.70564
3.72390
3.78155
3.79693
3.81544
3.83403
3.85267
3.87136
3.89007
3.94943
3.96563
3.98448
4.00340
4.02236
4.04135
4.06036
4.12132
4.13838
4.15750
4.21940
4.23703
4.25632
4.27565
4.33863
4.35695
4.37640
4.39587
4.41535
4.43482
4.45428
4.47372
4.49314
4.51254
4.53192
4.55128
4.57060
4.58989
4.60915
4.62837
4.64754
4.71292
4.68625
4.75178
4.77143
4.79028
4.80919
4.82808
4.84692
4.86571
4.88442
4.90305
4.92161
4.94007
5.00670
4.97863
4.99672
5.01391
5.03131
5.04895
5.06661
5.08421
5.10172
5.11912
5.13639
5.15353
5.17054
5.13806
5.15206
5.16834
5.18461
5.20077
5.21679
5.23264
5.24834
5.26386
5.22936
5.24150
5.25618
5.27084
5.23554
5.24690
5.26076
5.27459
5.28827
5.25189
5.26219
5.27497
5.28770
5.30026
5.26273
5.27372
5.28455
5.29553
5.25688
5.31660
5.27954
5.28878
5.29783
5.30717
5.26694
5.22634
5.23171
5.23991
5.24837
5.20750
5.16626
5.17091
5.17790
5.18505
5.14336
5.14972
5.15544
5.16120
5.11849
5.12367
5.12832
5.08477
5.04110
5.04362
5.00000
5.00351
4.95961
4.96204
4.91822
4.87441
4.73934
4.74278
4.70006
4.65765
4.70538
4.66101
4.61818
4.57667
4.57912
4.57950
4.53576
4.53590
4.49262
4.49422
4.45029
4.44960
4.40610
4.40711
4.32106
4.36512
4.31850
4.31743
4.27327
4.23020
4.23053
4.18643
4.14330
4.14338
4.09944
4.09624
4.05251
4.05143
4.00676
3.96357
3.96236
3.91841
3.91414
3.87024
3.82891
3.78944
3.78637
3.74219
3.73658
3.69288
3.68780
3.64417
3.60316
3.59873
3.52056
3.55338
3.50553
3.46414
3.45834
3.44813
3.40394
3.39557
3.35226
3.34378
3.33291
3.28880
3.24746
3.23918
3.22710
3.18326
3.17237
3.12955
3.11854
3.07591
3.03495
2.93881
3.07826
3.02033
2.92112
2.91574
2.90097
2.85865
2.84524
2.83027
2.78817
2.77429
2.73287
2.71857
2.67737
2.66285
2.67122
2.60403
2.59045
2.57327
2.53283
2.51720
2.49978
2.45988
2.44371
2.42595
2.40808
2.39017
2.37212
2.33327
2.29600
2.27850
2.26018
2.24186
2.20478
2.18688
2.15063
2.13254
2.11423
2.09587
2.07746
2.05900
2.04049
2.02195
2.00338
1.98479
1.96618
1.94758
1.92897
1.91038
1.89180
1.87326
1.85475
1.84932
1.83125
1.81266
1.79414
1.77572
1.75738
1.73914
1.72102
1.71372
1.69662
1.67846
1.67061
1.65381
1.63579
1.62740
1.61098
1.59318
1.58431
1.56836
1.55087
1.54157
1.52617
1.51634
1.50110
1.48424
1.47436
1.46621
1.45107
1.44078
1.42637
1.41592
1.40717
1.39795
1.38371
1.37313
1.36413
1.35467
1.34540
1.33602
1.32658
1.31711
1.30761
1.29808
1.28852
1.27528
1.26459
1.25543
1.24557
1.23611
1.22665
1.21719
1.20776
1.19835
1.18898
1.17966
1.17039
1.16117
1.15203
1.14426
1.13656
1.12718
1.11815
1.10926
1.10110
1.09376
1.08469
1.07603
1.06762
1.06062
1.05191
1.04331
1.03634
1.02899
1.02064
1.01198
1.00540
0.99651
0.99003
0.98120
0.97385
0.96712
0.95847
0.95114
0.94462
0.93608
0.92878
0.92114
0.91373
0.90633
0.90028
0.89197
0.88481
0.87732
0.87004
0.86281
0.85561
0.84845
0.84132
0.83423
0.82719
0.82019
0.81324
0.80633
0.79948
0.79268
0.78407
0.77818
0.77140
0.76479
0.75825
0.75178
0.74329
0.73772
0.73128
0.72504
0.71890
0.71049
0.70527
0.69919
0.69089
0.68586
0.67759
0.67263
0.66690
0.65883
0.65173
0.64686
0.64141
0.63625
0.62836
0.62139
0.61698
0.60923
0.60241
0.59816
0.59066
0.58675
0.57934
0.57273
0.56608
0.55961
0.55584
0.54887
0.54551
0.53862
0.53242
0.52617
0.52008
0.51407
0.51114
0.50479
0.49902
0.49318
0.48751
0.48192
0.47641
0.47098
0.46563
0.46035
0.45517
0.45006
0.44504
0.44011
0.43200
0.42759
0.42288
0.41828
0.41378
0.40939
0.40171
0.39780
0.39363
0.38625
0.38258
0.37868
0.37156
0.36814
0.36452
0.35763
0.35450
0.35120
0.34450
0.34169
0.33516
0.33253
0.32979
0.32345
0.32123
0.31502
0.31303
0.30700
0.30525
0.29939
0.29395
0.29247
0.28691
0.28577
0.28037
0.27535
0.27456
0.26947
0.26472
0.26007
0.25981
0.25515
0.25081
0.24656
0.24243
0.23843
0.23898
0.23501
0.23133
0.22773
0.22426
0.22092
0.22260
0.21936
0.21641
0.21356
0.21085
0.20828
0.20585
0.20357
0.20143
0.19944
0.19760
0.19593
0.19442
0.19308
0.18591
0.18495
0.18405
0.18333
0.18282
0.18251
0.17591
0.17600
0.17620
0.17663
0.17046
0.17133
0.17234
0.17363
0.16788
0.16964
0.17158
0.16620
0.16866
0.17134
0.16634
0.16957
0.16489
0.16860
0.17259
0.16832
0.17296
0.16901
0.17422
0.17061
0.17644
0.17318
0.17967
0.17678
0.18398
0.18147
0.17931
0.18747
0.18561
0.19461
0.19317
0.19211
0.20225
0.20153
0.20120
0.21261
0.21266
0.21312
0.22592
0.22680
0.22812
0.22971
0.24443
0.24651
0.24907
0.25193
0.25511
0.25862
0.26246
0.28077
0.28521
0.29020
0.29556
0.30130
0.30742
0.31393
0.32085
0.32818
0.33593
0.34411
0.35274
0.36182
0.37137
0.38139
0.39190
0.40292
0.41444
0.42649
0.43907
0.45221
0.46591
0.48019
0.49506
0.51054
0.52663
0.54336
0.56074
0.57878
0.59749
0.61690
0.63702
0.65787
0.67945
0.70179
0.72490
0.74880
0.77351
0.79903
0.82540
0.85263
0.88073
0.90973
0.91293
0.94411
0.97550
1.00789
1.04125
1.07563
1.11102
1.14746
1.18496
1.22354
1.26323
1.30404
1.34600
1.38914
1.43347
1.47902
1.52582
1.53965
1.58922
1.63938
1.69093
1.74385
1.79818
1.85394
1.91116
1.96989
1.99144
2.05291
2.11573
2.18018
2.24630
2.27290
2.34160
2.41233
2.48486
2.51595
2.59081
2.66840
2.70314
2.78279
2.82004
2.90316
2.94281
3.02885
3.07136
3.16131
3.20635
3.25083
3.34564
3.39476
3.49347
3.54559
3.59674
3.64898
3.75465
3.81250
3.86915
3.92690
3.98595
4.10086
4.16598
4.22969
4.29449
4.36061
4.42807
4.49690
4.50949
4.57675
4.64953
4.72364
4.79894
4.87555
4.95348
5.03272
5.05228
5.13115
5.21377
5.29790
5.38338
5.47016
5.49457
5.58145
5.60733
5.69666
5.78923
5.81767
5.91097
5.87505
5.96786
6.00023
6.03171
6.06389
6.16420
6.19948
6.23449
6.33867
6.37666
6.41456
6.45342
6.49326
6.53409
6.64595
6.68962
6.73356
6.70774
6.75301
6.79997
6.84801
6.89710
6.94729
6.99855
6.97858
7.03150
7.08599
7.06874
7.12499
7.18278
7.16830
7.22794
7.21540
7.27728
7.26669
7.25690
7.32215
7.31463
7.30792
7.37657
7.37212
7.36852
7.36601
7.36460
7.36430
7.43970
7.44164
7.44444
7.44834
7.45334
7.45943
7.39184
7.47486
7.48440
7.41995
7.43144
7.51920
7.45802
7.47269
7.48871
7.50579
7.44895
7.46808
7.48850
7.43509
7.45753
7.40654
7.35676
7.38251
7.40956
7.36327
7.31813
7.27431
7.30545
7.26413
7.22386
7.18487
7.14714
7.18353
7.14826
7.11391
7.08076
7.04882
7.01808
6.98850
6.96009
6.93284
6.90671
6.88172
6.85783
6.83504
6.81334
6.79271
6.70303
6.68413
6.66691
6.58142
6.56571
6.48311
6.46952
6.45778
6.37910
6.30104
6.29143
6.21704
6.20936
6.13755
6.13173
6.06242
5.99312
5.92513
5.85846
5.85699
5.79442
5.73129
5.66933
5.60857
5.54901
5.49063
5.49465
5.44094
5.38581
5.33165
5.21896
5.22415
5.11712
5.12325
5.07730
5.02943
5.04021
4.99786
4.95303
4.85237
4.80683
5.04703
4.91094
4.80799
4.76327
4.72382
4.36409
4.56712
4.28852
4.18411
4.40351
4.13662
4.08715
4.00754
3.97681
4.19705
3.94317
3.89979
3.82684
3.80120
4.01759
3.72748
3.68780
3.62173
3.55550
3.53567
3.47495
3.41471
3.39813
3.34139
3.32768
3.31527
3.26167
3.46294
3.20347
3.18863
3.13919
3.13103
3.08355
3.07685
3.07052
3.02540
3.02046
2.97709
2.97346
2.93173
2.92931
2.88910
2.85071
2.85075
2.81283
2.77692
2.74289
2.70977
2.71232
2.71291
2.67886
2.68156
2.64901
2.65287
2.62140
2.62587
2.59539
2.56736
2.57363
2.54457
2.55032
2.52233
2.49689
2.47288
2.48048
2.45432
2.46150
2.43632
2.41363
2.39226
2.37109
2.37992
2.35696
2.36547
2.34330
2.35228
2.35974
2.33789
2.31840
2.32872
2.33658
2.31587
2.32555
2.30585
2.31601
2.29688
2.30719
2.28857
2.29909
2.28096
2.26456
2.27619
2.25869
2.26960
2.27944
2.28897
2.27169
2.25638
2.26866
2.25249
2.26407
2.24848
2.26026
2.24508
2.25696
2.24213
2.25415
2.26531
2.25034
2.26252
2.27392
2.25932
2.27178
2.28345
2.26915
2.30764
2.29175
2.30474
2.31693
2.30285
2.31604
2.32842
2.34052
2.35262
2.33867
2.35232
2.36513
2.37770
2.39024
2.37646
2.39057
2.40381
2.41681
2.40323
2.44439
2.42898
2.44387
2.45770
2.47111
2.48454
2.47088
2.48595
2.50008
2.51402
2.52788
2.54176
2.55572
2.56976
2.58388
2.59808
2.61237
2.59835
2.61436
2.62940
2.64430
2.63041
2.67551
2.68817
2.70102
2.71718
2.73293
2.74826
2.76349
2.77873
2.79402
2.80937
2.82479
2.84028
2.85583
2.87144
2.88713
2.90287
2.91868
2.93454
2.98234
2.99503
3.01102
3.02718
3.04341
3.02712
3.07741
3.12459
3.10487
3.12382
3.14130
3.15835
3.20918
3.22233
3.23907
3.22149
3.27410
3.28855
3.30639
3.32371
3.37643
3.35424
3.40908
3.38766
3.40770
3.42597
3.44372
3.46119
3.47857
3.53279
3.54655
3.56395
3.58144
3.59896
3.61650
3.63407
3.68985
3.66571
3.68473
3.70338
3.72165
3.73951
3.75722
3.85361
3.78603
3.84816
3.86372
3.87882
3.89801
3.91655
3.97504
3.94949
4.00888
3.98404
4.04432
4.06047
4.07866
4.09652
4.11423
4.13187
4.19162
4.20716
4.18233
4.24276
4.25926
4.23438
4.25238
4.31342
4.32954
4.30364
4.36455
4.38095
4.39831
4.37166
4.43271
4.44899
4.46598
4.48275
4.49938
4.51590
4.53232
4.54864
4.52005
4.58112
4.55191
4.56795
4.58383
4.59950
4.61499
4.63032
4.69120
4.66051
4.67546
4.69024
4.70488
4.71938
4.73374
4.74794
4.76199
4.77587
4.78960
4.80316
4.81655
4.82977
4.84281
4.85566
4.86834
4.88082
4.89311
4.90520
4.86994
4.88140
4.89242
4.90339
4.91430
4.87791
4.88823
4.89815
4.86104
4.87054
4.87982
4.88900
4.85123
4.85990
4.86826
4.82986
4.83777
4.89217
4.80709
4.86000
4.82088
4.82749
4.83400
4.79402
4.80001
4.80573
4.76523
4.77047
4.77548
4.78021
4.78466
4.74302
4.74695
4.70518
4.75449
4.71166
4.66941
4.67266
4.63027
4.67744
4.63379
4.59117
4.63824
4.59373
4.59483
4.55133
4.55292
4.50902
4.50903
4.50883
4.46469
4.42107
4.42220
4.37821
4.37711
4.37557
4.37340
4.37057
4.32507
4.28050
4.23884
4.27995
4.23157
4.18765
4.18666
4.14152
4.13768
4.09302
4.05154
4.04941
4.04345
4.03695
3.99079
3.98518
3.97893
3.93330
3.88941
3.92467
3.87476
3.83120
3.82717
3.78126
3.81198
3.76197
3.75571
3.70979
3.66636
3.66081
3.65071
3.60413
3.59579
3.54998
3.54196
3.49635
3.48770
3.47637
3.46407
3.41734
3.40725
3.39492
3.34843
3.30489
3.29554
3.28215
3.23590
3.22404
3.21051
3.19579
3.18070
3.13420
3.12083
3.07569
3.06230
3.04725
3.00156
2.98713
2.97150
2.92607
2.91118
2.89481
2.87764
2.86009
2.81469
2.82649
2.80644
2.76018
2.74402
2.72597
2.70726
2.68825
2.66906
2.64970
2.63017
2.58544
2.59268
2.54647
2.52796
2.50778
2.48725
2.46704
2.44639
2.40294
2.40647
2.38440
2.36296
2.32024
2.32197
2.29970
2.27793
2.25654
2.25564
2.23324
2.21109
2.20941
2.18666
2.16415
2.16156
2.13856
2.11578
2.09320
2.07064
2.06652
2.04340
2.02052
1.99776
1.97505
1.95240
1.94654
1.92363
1.91727
1.89427
1.88744
1.84879
1.84130
1.81868
1.81084
1.78823
1.76556
1.74309
1.72082
1.71191
1.69020
1.68085
1.65934
1.64962
1.62834
1.61826
1.59726
1.57568
1.56526
1.55566
1.53517
1.51410
1.50316
1.48375
1.47244
1.45344
1.44194
1.42344
1.41186
1.40151
1.38327
1.37161
1.36115
1.34357
1.33188
1.32141
1.31051
1.29405
1.28236
1.27195
1.26107
1.25039
1.23975
1.22912
1.21850
1.20792
1.19737
1.18687
1.17642
1.16603
1.15571
1.14548
1.13533
1.12528
1.11534
1.10552
1.09757
1.08920
1.07926
1.06972
1.06145
1.05349
1.04396
1.03488
1.02634
1.01890
1.01004
1.00264
0.99396
0.98522
0.97829
0.97018
0.96139
0.95393
0.94708
0.93838
0.93224
0.92347
0.91767
0.90891
0.90151
0.89581
0.88737
0.88258
0.87406
0.86685
0.86222
0.85412
0.84718
0.83982
0.83622
0.82847
0.82188
0.81897
0.81150
0.80521
0.79855
0.79213
0.78588
0.77976
0.77377
0.76791
0.76218
0.75659
0.75115
0.74043
0.73614
0.73085
0.72589
0.72113
0.71656
0.70616
0.70272
0.69843
0.68827
0.68521
0.67522
0.66631
0.66329
0.65994
0.65053
0.64827
0.63898
0.63702
0.62796
0.62633
0.61751
0.61625
0.60766
0.59997
0.59897
0.59090
0.58363
0.57627
0.57602
0.56852
0.56179
0.55499
0.55547
0.54856
0.54238
0.53614
0.53012
0.52428
0.51860
0.52045
0.51465
0.50955
0.50439
0.49945
0.49470
0.49013
0.47809
0.47433
0.47018
0.46626
0.46253
0.45897
0.44787
0.44508
0.44195
0.43908
0.42860
0.42649
0.42407
0.41408
0.41247
0.41059
0.40107
0.39998
0.39869
0.38960
0.38120
0.38068
0.38013
0.37175
0.37194
0.36386
0.36442
0.35667
0.34952
0.35052
0.34336
0.33674
0.33828
0.33166
0.32556
0.32769
0.32159
0.31598
0.31051
0.30526
0.30835
0.30318
0.29846
0.29388
0.28951
0.28533
0.28134
0.28586
0.28200
0.27856
0.27526
0.27217
0.26927
0.26657
0.26406
0.26175
0.25964
0.24910
0.24754
0.24599
0.24465
0.24352
0.24261
0.23314
0.23276
0.23242
