0.99222
0.99222
0.99222
0.99222
0.99222
0.99222
0.99222
0.99222
0.99222
0.99221
0.99221
0.99221
0.99220
0.99220
0.99219
0.99218
0.99217
0.99216
0.99215
0.99213
0.99212
0.99210
0.99207
0.99206
0.99202
0.99199
0.99196
0.99192
0.99188
0.99183
0.99178
0.99173
0.99167
0.99160
0.99153
0.99146
0.99138
0.99129
0.99118
0.99108
0.99097
0.99086
0.99073
0.99058
0.99044
0.99029
0.99012
0.98994
0.98974
0.98955
0.98933
0.98911
0.98888
0.98862
0.98835
0.98807
0.98778
0.98747
0.98714
0.98680
0.98645
0.98606
0.98567
0.98527
0.98482
0.98437
0.98390
0.98341
0.98290
0.98237
0.98181
0.98124
0.98064
0.98002
0.97937
0.97871
0.97801
0.97730
0.97657
0.97580
0.97502
0.97421
0.97338
0.97253
0.97165
0.97075
0.96983
0.96889
0.96793
0.96695
0.96595
0.96493
0.96389
0.96284
0.96177
0.96069
0.95960
0.95850
0.95740
0.95629
0.95517
0.95406
0.95295
0.95184
0.95075
0.94966
0.94859
0.94754
0.94651
0.94550
0.94453
0.94424
0.94324
0.94234
0.94149
0.94070
0.93997
0.93928
0.93869
0.93849
0.93795
0.93751
0.93719
0.93696
0.93689
0.93680
0.93682
0.93696
0.93706
0.93740
0.93786
0.93845
0.93877
0.93960
0.94056
0.94107
0.94228
0.94362
0.94439
0.94595
0.94679
0.94859
0.95049
0.95170
0.95368
0.95500
0.95711
0.95852
0.96073
0.96220
0.96362
0.96589
0.96740
0.96884
0.97107
0.97255
0.97397
0.97608
0.97748
0.97880
0.98007
0.98130
0.98250
0.98424
0.98537
0.98642
0.98742
0.98837
0.98927
0.99012
0.99092
0.99168
0.99240
0.99307
0.99369
0.99399
0.99454
0.99506
0.99554
0.99577
0.99619
0.99659
0.99695
0.99712
0.99743
0.99758
0.99785
0.99798
0.99822
0.99833
0.99853
0.99863
0.99872
0.99888
0.99895
0.99903
0.99915
0.99921
0.99927
0.99932
0.99937
0.99946
0.99943
0.99953
0.99957
0.99961
0.99964
0.99964
0.99967
0.99970
0.99973
0.99975
0.99975
0.99977
0.99979
0.99981
0.99981
0.99983
0.99984
0.99985
0.99985
0.99986
0.99987
0.99987
0.99988
0.99989
0.99989
0.99989
0.99990
0.99990
0.99990
0.99990
0.99990
0.99990
0.99991
0.99991
0.99991
0.99990
0.99990
0.99990
0.99990
0.99989
0.99988
0.99988
0.99987
0.99987
0.99986
0.99985
0.99984
0.99984
0.99982
0.99981
0.99979
0.99978
0.99976
0.99974
0.99972
0.99969
0.99967
0.99964
0.99962
0.99955
0.99952
0.99948
0.99945
0.99941
0.99937
0.99934
0.99930
0.99918
0.99914
0.99909
0.99904
0.99890
0.99884
0.99867
0.99861
0.99854
0.99835
0.99813
0.99804
0.99780
0.99752
0.99743
0.99712
0.99679
0.99642
0.99630
0.99620
0.99559
0.99507
0.99491
0.99441
0.99388
0.99331
0.99270
0.99255
0.99158
0.99133
0.99061
0.98986
0.98908
0.98827
0.98692
0.98587
0.98486
0.98387
0.98287
0.98186
0.98083
0.97912
0.97781
0.97659
0.97466
0.97326
0.97199
0.96998
0.96855
0.96611
0.96362
0.96231
0.96113
0.96002
0.95821
0.95689
0.95463
0.95242
0.95137
0.94980
0.94779
0.94597
0.94517
0.94450
0.94345
0.94207
0.94092
0.93998
0.93964
0.93914
0.93885
0.93864
0.93835
0.93810
0.93805
0.93804
0.93808
0.93823
0.93836
0.93849
0.93880
0.93937
0.93961
0.94014
0.94098
0.94130
0.94201
0.94307
0.94343
0.94374
0.94456
0.94498
0.94598
0.94728
0.94767
0.94799
0.94895
0.95034
0.94601
0.95206
0.95228
0.95337
0.95485
0.95523
0.95634
0.95782
0.95920
0.95952
0.96060
0.96099
0.96211
0.96355
0.96383
0.96485
0.96520
0.96624
0.96659
0.96757
0.96790
0.96885
0.96916
0.97007
0.97037
0.97044
0.97126
0.97152
0.97238
0.97264
0.97343
0.97455
0.97471
0.97471
0.97539
0.97560
0.97630
0.97652
0.97716
0.97815
0.97825
0.97885
0.97903
0.97959
0.97971
0.98030
0.98040
0.98035
0.98082
0.98096
0.98144
0.98152
0.98145
0.98187
0.98194
0.98186
0.98226
0.98232
0.98278
0.98282
0.98272
0.98257
0.98239
0.98221
0.98202
0.98235
0.98241
0.98226
0.98207
0.98240
0.98243
0.98227
0.98260
0.98184
0.98217
0.98215
0.98198
0.98177
0.98209
0.98207
0.98188
0.98165
0.98140
0.98171
0.98167
0.98146
0.98121
0.98094
0.98067
0.98038
0.98068
0.98060
0.98039
0.98011
0.97981
0.97951
0.97920
0.97888
0.97856
0.97823
0.97789
0.97756
0.97722
0.97687
0.97652
0.97616
0.97580
0.97544
0.97507
0.97469
0.97432
0.97394
0.97355
0.97316
0.97277
0.97237
0.97092
0.96965
0.96964
0.96949
0.96917
0.96878
0.96837
0.96686
0.96639
0.96595
0.96552
0.96509
0.96466
0.96423
0.96268
0.96220
0.96176
0.96133
0.96090
0.96047
0.95892
0.95846
0.95803
0.95760
0.95718
0.95567
0.95523
0.95481
0.95440
0.95400
0.95255
0.95213
0.95174
0.95035
0.94996
0.94959
0.94923
0.94794
0.94758
0.94724
0.94604
0.94572
0.94541
0.94432
0.94402
0.94375
0.94348
0.94323
0.94297
0.94273
0.94184
0.94161
0.94140
0.94119
0.94099
0.94080
0.94062
0.93996
0.93979
0.93964
0.93913
0.93900
0.93889
0.93879
0.93845
0.93838
0.93831
0.93826
0.93821
0.93817
0.93813
0.93810
0.93807
0.93806
0.93804
0.93804
0.93804
0.93804
0.93805
0.93807
0.93809
0.93824
0.93827
0.93844
0.93846
0.93850
0.93857
0.93864
0.93872
0.93880
0.93889
0.93898
0.93907
0.93917
0.93967
0.93976
0.93969
0.93969
0.93976
0.93986
0.93998
0.94010
0.94023
0.94036
0.94049
0.94063
0.94076
0.94038
0.94047
0.94059
0.94072
0.94085
0.94098
0.94112
0.94125
0.94139
0.94096
0.94104
0.94115
0.94128
0.94084
0.94092
0.94103
0.94114
0.94126
0.94082
0.94089
0.94099
0.94109
0.94120
0.94109
0.94100
0.94098
0.94103
0.94089
0.94135
0.94118
0.94102
0.94096
0.94098
0.94092
0.94025
0.94015
0.94016
0.94020
0.94015
0.93957
0.93949
0.93949
0.93952
0.93947
0.93935
0.93929
0.93929
0.93922
0.93911
0.93905
0.93895
0.93857
0.93852
0.93844
0.93837
0.93818
0.93817
0.93814
0.93804
0.93824
0.93828
0.93835
0.93863
0.93844
0.93854
0.93889
0.93930
0.93933
0.93933
0.93944
0.93958
0.94012
0.94017
0.94034
0.94053
0.94119
0.94126
0.94232
0.94191
0.94238
0.94255
0.94293
0.94392
0.94411
0.94450
0.94563
0.94588
0.94638
0.94671
0.94786
0.94800
0.94847
0.94980
0.95012
0.95084
0.95121
0.95216
0.95356
0.95487
0.95511
0.95592
0.95630
0.95739
0.95781
0.95887
0.96036
0.96070
0.96313
0.96237
0.96331
0.96481
0.96516
0.96539
0.96640
0.96688
0.96801
0.96853
0.96881
0.96982
0.97132
0.97176
0.97205
0.97299
0.97355
0.97459
0.97516
0.97614
0.97743
0.98081
0.97665
0.97722
0.98064
0.98097
0.98130
0.98221
0.98266
0.98296
0.98390
0.98431
0.98520
0.98553
0.98644
0.98673
0.98641
0.98786
0.98800
0.98821
0.98901
0.98917
0.98933
0.99004
0.99017
0.99030
0.99047
0.99064
0.99079
0.99132
0.99168
0.99172
0.99179
0.99188
0.99212
0.99213
0.99222
0.99222
0.99222
0.99220
0.99217
0.99212
0.99206
0.99198
0.99188
0.99177
0.99164
0.99149
0.99132
0.99112
0.99091
0.99067
0.99042
0.99051
0.99023
0.98994
0.98962
0.98927
0.98890
0.98849
0.98806
0.98828
0.98773
0.98723
0.98750
0.98685
0.98628
0.98660
0.98583
0.98519
0.98555
0.98467
0.98393
0.98435
0.98335
0.98370
0.98264
0.98174
0.98217
0.98214
0.98105
0.98129
0.98013
0.98032
0.98018
0.98020
0.97902
0.97914
0.97890
0.97886
0.97875
0.97861
0.97847
0.97831
0.97814
0.97796
0.97776
0.97650
0.97656
0.97600
0.97577
0.97551
0.97523
0.97493
0.97462
0.97429
0.97395
0.97359
0.97321
0.97282
0.97241
0.97347
0.97273
0.97224
0.97176
0.97127
0.97236
0.97148
0.97088
0.97030
0.97140
0.97043
0.96973
0.97077
0.97123
0.97029
0.96949
0.97040
0.96932
0.97012
0.96907
0.96974
0.96997
0.96903
0.96965
0.96980
0.96885
0.96942
0.96949
0.96980
0.97006
0.97027
0.96925
0.96970
0.96963
0.96978
0.96993
0.97005
0.97014
0.97022
0.97029
0.97033
0.97036
0.97038
0.97037
0.97035
0.97031
0.97025
0.97149
0.97124
0.97112
0.97100
0.97086
0.97070
0.97188
0.97148
0.97126
0.97102
0.97078
0.97193
0.97141
0.97108
0.97220
0.97161
0.97265
0.97202
0.97160
0.97265
0.97340
0.97267
0.97214
0.97164
0.97264
0.97324
0.97245
0.97329
0.97380
0.97303
0.97375
0.97293
0.97358
0.97393
0.97442
0.97480
0.97399
0.97451
0.97363
0.97411
0.97427
0.97460
0.97488
0.97513
0.97429
0.97468
0.97466
0.97488
0.97506
0.97522
0.97535
0.97547
0.97556
0.97565
0.97571
0.97576
0.97579
0.97580
0.97688
0.97682
0.97678
0.97672
0.97665
0.97656
0.97755
0.97735
0.97721
0.97814
0.97788
0.97769
0.97857
0.97826
0.97802
0.97885
0.97849
0.97820
0.97898
0.97856
0.97931
0.97886
0.97848
0.97920
0.97869
0.97936
0.97882
0.97946
0.97888
0.97949
0.97994
0.97933
0.97986
0.97921
0.97970
0.98001
0.97939
0.97980
0.98004
0.98035
0.97971
0.98004
0.98020
0.98042
0.98064
0.98083
0.98014
0.98039
0.98044
0.98056
0.98067
0.98077
0.98001
0.98017
0.98014
0.98015
0.98017
0.98018
0.98018
0.98016
0.98013
0.98008
0.98001
0.97993
0.97983
0.97972
0.98052
0.98034
0.98019
0.98001
0.97982
0.97961
0.98033
0.98005
0.97979
0.97952
0.98019
0.97983
0.97951
0.97917
0.97979
0.97937
0.97897
0.97953
0.97907
0.97863
0.97913
0.97862
0.97908
0.97855
0.97803
0.97844
0.97786
0.97824
0.97763
0.97797
0.97733
0.97764
0.97696
0.97725
0.97653
0.97679
0.97695
0.97622
0.97645
0.97564
0.97581
0.97590
0.97507
0.97522
0.97526
0.97438
0.97446
0.97446
0.97352
0.97356
0.97352
0.97348
0.97248
0.97244
0.97234
0.97224
0.97213
0.97201
0.97187
0.97074
0.97057
0.97037
0.97016
0.96994
0.96970
0.96945
0.96918
0.96889
0.96859
0.96827
0.96793
0.96758
0.96721
0.96683
0.96643
0.96601
0.96558
0.96514
0.96468
0.96420
0.96371
0.96321
0.96269
0.96216
0.96161
0.96105
0.96048
0.95990
0.95930
0.95870
0.95808
0.95745
0.95682
0.95617
0.95552
0.95486
0.95419
0.95352
0.95284
0.95216
0.95148
0.95080
0.95100
0.95024
0.94954
0.94884
0.94815
0.94746
0.94678
0.94611
0.94544
0.94480
0.94416
0.94355
0.94295
0.94238
0.94182
0.94130
0.94080
0.94081
0.94029
0.93985
0.93945
0.93910
0.93879
0.93853
0.93832
0.93817
0.93815
0.93806
0.93804
0.93809
0.93821
0.93824
0.93847
0.93879
0.93918
0.93927
0.93983
0.94046
0.94063
0.94144
0.94180
0.94270
0.94298
0.94413
0.94469
0.94592
0.94654
0.94717
0.94862
0.94941
0.95103
0.95194
0.95283
0.95377
0.95565
0.95678
0.95787
0.95900
0.96018
0.96231
0.96365
0.96494
0.96625
0.96758
0.96893
0.97029
0.97057
0.97202
0.97346
0.97486
0.97624
0.97761
0.97895
0.98027
0.98088
0.98210
0.98332
0.98452
0.98567
0.98678
0.98734
0.98833
0.98886
0.98978
0.99068
0.99115
0.99195
0.99179
0.99267
0.99313
0.99353
0.99389
0.99451
0.99485
0.99517
0.99569
0.99598
0.99624
0.99649
0.99673
0.99696
0.99732
0.99752
0.99771
0.99775
0.99792
0.99807
0.99822
0.99836
0.99849
0.99862
0.99865
0.99876
0.99886
0.99888
0.99898
0.99906
0.99908
0.99916
0.99918
0.99925
0.99927
0.99928
0.99935
0.99936
0.99937
0.99943
0.99944
0.99945
0.99946
0.99947
0.99948
0.99953
0.99954
0.99955
0.99955
0.99956
0.99957
0.99954
0.99958
0.99959
0.99956
0.99957
0.99961
0.99958
0.99959
0.99960
0.99961
0.99958
0.99959
0.99960
0.99957
0.99958
0.99955
0.99952
0.99952
0.99954
0.99950
0.99947
0.99943
0.99945
0.99941
0.99937
0.99933
0.99929
0.99930
0.99926
0.99922
0.99917
0.99912
0.99907
0.99902
0.99896
0.99891
0.99885
0.99879
0.99873
0.99866
0.99860
0.99854
0.99834
0.99826
0.99819
0.99795
0.99787
0.99760
0.99751
0.99742
0.99712
0.99678
0.99667
0.99631
0.99619
0.99579
0.99567
0.99524
0.99477
0.99425
0.99371
0.99356
0.99300
0.99239
0.99174
0.99105
0.99032
0.98957
0.98941
0.98867
0.98786
0.98702
0.98558
0.98528
0.98370
0.98339
0.98240
0.98138
0.98126
0.98032
0.97932
0.97761
0.97630
0.98003
0.97766
0.97544
0.97423
0.97311
0.96525
0.96912
0.96268
0.95994
0.96439
0.95811
0.95666
0.95476
0.95356
0.95805
0.95214
0.95093
0.94934
0.94834
0.95250
0.94630
0.94534
0.94389
0.94258
0.94207
0.94127
0.94025
0.93987
0.93933
0.93903
0.93881
0.93850
0.93993
0.93813
0.93807
0.93804
0.93806
0.93817
0.93827
0.93837
0.93862
0.93879
0.93917
0.93941
0.93990
0.94018
0.94076
0.94166
0.94196
0.94266
0.94372
0.94482
0.94592
0.94621
0.94644
0.94726
0.94764
0.94865
0.94904
0.95007
0.95045
0.95148
0.95286
0.95316
0.95413
0.95449
0.95557
0.95697
0.95828
0.95851
0.95948
0.95978
0.96084
0.96221
0.96344
0.96465
0.96485
0.96576
0.96601
0.96697
0.96721
0.96726
0.96807
0.96931
0.96943
0.96943
0.97019
0.97037
0.97120
0.97138
0.97215
0.97232
0.97306
0.97321
0.97392
0.97498
0.97502
0.97566
0.97577
0.97569
0.97556
0.97611
0.97709
0.97709
0.97765
0.97773
0.97829
0.97837
0.97890
0.97897
0.97947
0.97953
0.97938
0.97981
0.97984
0.97969
0.98011
0.98013
0.97997
0.98037
0.97952
0.97993
0.97995
0.97974
0.98012
0.98010
0.97992
0.97968
0.97943
0.97978
0.97973
0.97954
0.97929
0.97901
0.97936
0.97929
0.97908
0.97881
0.97915
0.97816
0.97858
0.97852
0.97825
0.97794
0.97763
0.97793
0.97782
0.97759
0.97729
0.97696
0.97662
0.97627
0.97592
0.97556
0.97520
0.97484
0.97509
0.97494
0.97471
0.97438
0.97465
0.97348
0.97237
0.97243
0.97231
0.97200
0.97163
0.97123
0.97083
0.97042
0.97000
0.96958
0.96916
0.96874
0.96831
0.96789
0.96746
0.96702
0.96659
0.96504
0.96457
0.96412
0.96368
0.96324
0.96323
0.96200
0.96067
0.96099
0.96084
0.96055
0.96016
0.95862
0.95817
0.95773
0.95767
0.95650
0.95633
0.95599
0.95561
0.95413
0.95426
0.95307
0.95348
0.95337
0.95311
0.95276
0.95238
0.95200
0.95061
0.95021
0.94984
0.94947
0.94911
0.94876
0.94841
0.94716
0.94720
0.94714
0.94698
0.94672
0.94643
0.94612
0.94420
0.94520
0.94437
0.94344
0.94354
0.94348
0.94330
0.94240
0.94240
0.94176
0.94193
0.94134
0.94126
0.94110
0.94093
0.94076
0.94058
0.93994
0.93978
0.93973
0.93936
0.93933
0.93935
0.93939
0.93901
0.93893
0.93891
0.93865
0.93863
0.93858
0.93857
0.93838
0.93836
0.93832
0.93828
0.93823
0.93819
0.93816
0.93813
0.93812
0.93806
0.93808
0.93809
0.93809
0.93807
0.93806
0.93805
0.93804
0.93805
0.93804
0.93804
0.93805
0.93806
0.93807
0.93808
0.93810
0.93813
0.93815
0.93818
0.93821
0.93824
0.93828
0.93831
0.93835
0.93839
0.93843
0.93848
0.93847
0.93842
0.93841
0.93842
0.93845
0.93844
0.93839
0.93837
0.93832
0.93828
0.93826
0.93827
0.93825
0.93821
0.93820
0.93816
0.93813
0.93825
0.93807
0.93813
0.93809
0.93808
0.93808
0.93806
0.93805
0.93804
0.93804
0.93803
0.93804
0.93804
0.93803
0.93804
0.93805
0.93813
0.93806
0.93808
0.93822
0.93825
0.93831
0.93821
0.93830
0.93858
0.93841
0.93851
0.93859
0.93891
0.93895
0.93906
0.93918
0.93927
0.93944
0.94003
0.94016
0.94039
0.94059
0.94072
0.94078
0.94081
0.94102
0.94185
0.94270
0.94215
0.94258
0.94349
0.94367
0.94407
0.94439
0.94542
0.94641
0.94657
0.94667
0.94676
0.94721
0.94758
0.94789
0.94858
0.94993
0.94927
0.95013
0.95148
0.95177
0.95260
0.95198
0.95307
0.95350
0.95452
0.95601
0.95638
0.95664
0.95762
0.95808
0.95929
0.95980
0.96098
0.96151
0.96185
0.96214
0.96324
0.96378
0.96417
0.96531
0.96692
0.96741
0.96778
0.96886
0.96953
0.96992
0.97028
0.97064
0.97165
0.97234
0.97347
0.97416
0.97462
0.97563
0.97632
0.97678
0.97782
0.97845
0.97889
0.97928
0.97966
0.98079
0.98054
0.98063
0.98181
0.98240
0.98281
0.98318
0.98355
0.98392
0.98429
0.98466
0.98581
0.98557
0.98649
0.98682
0.98705
0.98747
0.98775
0.98805
0.98901
0.98884
0.98896
0.98929
0.99009
0.98996
0.99005
0.99033
0.99052
0.99052
0.99064
0.99087
0.99087
0.99098
0.99119
0.99120
0.99131
0.99149
0.99167
0.99181
0.99182
0.99192
0.99202
0.99211
0.99218
0.99221
0.99221
0.99222
0.99222
0.99221
0.99221
0.99208
0.99210
0.99199
0.99201
0.99187
0.99169
0.99148
0.99123
0.99129
0.99096
0.99103
0.99064
0.99072
0.99026
0.99036
0.98983
0.98934
0.98948
0.98949
0.98880
0.98817
0.98834
0.98752
0.98764
0.98674
0.98684
0.98589
0.98593
0.98574
0.98476
0.98476
0.98449
0.98345
0.98343
0.98307
0.98287
0.98174
0.98169
0.98123
0.98093
0.98064
0.98032
0.97999
0.97965
0.97929
0.97891
0.97852
0.97811
0.97768
0.97724
0.97678
0.97630
0.97580
0.97529
0.97475
0.97568
0.97480
0.97416
0.97354
0.97449
0.97350
0.97277
0.97206
0.97299
0.97191
0.97267
0.97162
0.97074
0.97146
0.97039
0.96947
0.97011
0.97020
0.96923
0.96977
0.96863
0.96908
0.96785
0.96834
0.96826
0.96722
0.96769
0.96636
0.96675
0.96652
0.96543
0.96589
0.96561
0.96556
0.96441
0.96485
0.96449
0.96320
0.96357
0.96316
0.96294
0.96280
0.96266
0.96251
0.96235
0.96218
0.96198
0.96177
0.96154
0.96298
0.96235
0.96198
0.96165
0.96131
0.96096
0.96226
0.96154
0.96107
0.96221
0.96152
0.96248
0.96303
0.96242
0.96185
0.96280
0.96198
0.96285
0.96201
0.96283
0.96195
0.96273
0.96182
0.96255
0.96274
0.96204
0.96278
0.96292
0.96329
0.96251
0.96318
0.96325
0.96351
0.96266
0.96327
0.96327
0.96342
0.96362
0.96382
0.96400
0.96303
0.96355
0.96341
0.96341
0.96345
0.96351
0.96355
0.96501
0.96480
0.96476
0.96472
0.96466
0.96458
0.96596
0.96561
0.96544
0.96527
0.96657
0.96613
0.96587
0.96708
0.96660
0.96627
0.96740
0.96687
0.96649
0.96752
0.96819
0.96772
0.96726
0.96816
0.96754
0.96836
0.96772
0.96848
0.96895
0.96840
0.96911
0.96947
0.96889
0.96955
0.96986
0.96922
0.96982
0.97008
0.97044
0.97081
0.97010
0.97060
0.97077
0.97102
0.97128
0.97153
0.97177
0.97093
0.97129
0.97134
0.97144
0.97156
0.97167
0.97177
0.97185
0.97191
0.97195
0.97313
0.97305
0.97303
0.97299
0.97293
0.97285
0.97391
0.97371
0.97357
