0.06274 ,0.06281 ,0.06186 ,0.06207
0.06269 ,0.06287 ,0.06172 ,0.06220
0.06264 ,0.06291 ,0.06172 ,0.06220
0.06247 ,0.06308 ,0.06155 ,0.06238
0.06222 ,0.06334 ,0.06118 ,0.06275
0.06207 ,0.06349 ,0.06118 ,0.06275
0.06170 ,0.06387 ,0.06079 ,0.06315
0.06139 ,0.06419 ,0.06057 ,0.06338
0.06101 ,0.06459 ,0.06034 ,0.06362
0.06067 ,0.06494 ,0.06034 ,0.06362
0.06018 ,0.06547 ,0.06008 ,0.06389
0.05967 ,0.06601 ,0.05981 ,0.06417
0.05903 ,0.06672 ,0.05924 ,0.06479
0.05857 ,0.06723 ,0.05924 ,0.06479
0.05781 ,0.06809 ,0.05864 ,0.06544
0.05728 ,0.06870 ,0.05864 ,0.06544
0.05645 ,0.06967 ,0.05804 ,0.06610
0.05576 ,0.07050 ,0.05774 ,0.06643
0.05500 ,0.07144 ,0.05745 ,0.06676
0.05421 ,0.07243 ,0.05716 ,0.06709
0.05339 ,0.07348 ,0.05688 ,0.06741
0.05254 ,0.07459 ,0.05660 ,0.06773
0.05167 ,0.07577 ,0.05634 ,0.06804
0.05085 ,0.07690 ,0.05634 ,0.06804
0.04982 ,0.07837 ,0.05582 ,0.06864
0.04891 ,0.07971 ,0.05557 ,0.06894
0.04795 ,0.08116 ,0.05533 ,0.06923
0.04697 ,0.08270 ,0.05510 ,0.06951
0.04598 ,0.08430 ,0.05487 ,0.06979
0.04497 ,0.08599 ,0.05465 ,0.07006
0.04394 ,0.08777 ,0.05443 ,0.07033
0.04290 ,0.08963 ,0.05421 ,0.07060
0.04186 ,0.09158 ,0.05400 ,0.07086
0.04080 ,0.09363 ,0.05380 ,0.07112
0.03974 ,0.09577 ,0.05360 ,0.07137
0.03867 ,0.09801 ,0.05340 ,0.07161
0.03764 ,0.10025 ,0.05340 ,0.07161
0.03655 ,0.10275 ,0.05321 ,0.07186
0.03543 ,0.10541 ,0.05285 ,0.07232
0.03437 ,0.10806 ,0.05268 ,0.07255
0.03330 ,0.11086 ,0.05251 ,0.07277
0.03227 ,0.11369 ,0.05251 ,0.07277
0.03119 ,0.11678 ,0.05234 ,0.07298
0.03010 ,0.12008 ,0.05203 ,0.07340
0.02907 ,0.12337 ,0.05188 ,0.07360
0.02806 ,0.12675 ,0.05188 ,0.07360
0.02702 ,0.13042 ,0.05173 ,0.07379
0.02600 ,0.13421 ,0.05159 ,0.07398
0.02498 ,0.13825 ,0.05133 ,0.07434
0.02400 ,0.14233 ,0.05120 ,0.07452
0.02302 ,0.14662 ,0.05107 ,0.07469
0.02207 ,0.15109 ,0.05095 ,0.07485
0.02115 ,0.15566 ,0.05095 ,0.07485
0.02020 ,0.16064 ,0.05072 ,0.07516
0.01931 ,0.16566 ,0.05062 ,0.07531
0.01843 ,0.17092 ,0.05051 ,0.07546
0.01757 ,0.17640 ,0.05041 ,0.07560
0.01673 ,0.18210 ,0.05031 ,0.07574
0.01592 ,0.18802 ,0.05021 ,0.07588
0.01512 ,0.19419 ,0.05012 ,0.07601
0.01436 ,0.20051 ,0.05012 ,0.07601
0.01360 ,0.20729 ,0.04995 ,0.07625
0.01288 ,0.21417 ,0.04986 ,0.07637
0.01219 ,0.22127 ,0.04986 ,0.07637
0.01149 ,0.22889 ,0.04966 ,0.07665
0.01085 ,0.23652 ,0.04963 ,0.07670
0.01022 ,0.24457 ,0.04956 ,0.07680
0.00962 ,0.25289 ,0.04950 ,0.07689
0.00904 ,0.26151 ,0.04943 ,0.07699
0.00848 ,0.27044 ,0.04937 ,0.07708
0.00795 ,0.27968 ,0.04931 ,0.07716
0.00744 ,0.28924 ,0.04925 ,0.07724
0.00695 ,0.29914 ,0.04920 ,0.07732
0.00649 ,0.30936 ,0.04915 ,0.07739
0.00605 ,0.31992 ,0.04910 ,0.07746
0.00563 ,0.33076 ,0.04910 ,0.07746
0.00523 ,0.34209 ,0.04902 ,0.07759
0.00486 ,0.35366 ,0.04898 ,0.07764
0.00450 ,0.36561 ,0.04894 ,0.07770
0.00417 ,0.37790 ,0.04891 ,0.07775
0.00385 ,0.39055 ,0.04888 ,0.07779
0.00355 ,0.40355 ,0.04885 ,0.07784
0.00327 ,0.41690 ,0.04882 ,0.07788
0.00301 ,0.43060 ,0.04880 ,0.07791
0.00276 ,0.44464 ,0.04877 ,0.07794
0.00253 ,0.45902 ,0.04875 ,0.07797
0.00232 ,0.47373 ,0.04874 ,0.07800
0.00212 ,0.48877 ,0.04872 ,0.07802
0.00193 ,0.50412 ,0.04871 ,0.07804
0.00176 ,0.51977 ,0.04870 ,0.07806
0.00160 ,0.53572 ,0.04869 ,0.07807
0.00145 ,0.55193 ,0.04868 ,0.07808
0.00131 ,0.56841 ,0.04867 ,0.07809
0.00119 ,0.58512 ,0.04867 ,0.07810
0.00107 ,0.60206 ,0.04867 ,0.07810
0.00096 ,0.61918 ,0.04867 ,0.07810
0.00087 ,0.63648 ,0.04867 ,0.07810
0.00078 ,0.65391 ,0.04867 ,0.07809
0.00070 ,0.67146 ,0.04868 ,0.07808
0.00062 ,0.68908 ,0.04869 ,0.07807
0.00055 ,0.70674 ,0.04869 ,0.07806
0.00049 ,0.72440 ,0.04871 ,0.07804
0.00044 ,0.74203 ,0.04872 ,0.07802
0.00039 ,0.75957 ,0.04873 ,0.07800
0.00034 ,0.77698 ,0.04875 ,0.07798
0.00030 ,0.79422 ,0.04877 ,0.07795
0.00026 ,0.81122 ,0.04879 ,0.07792
0.00023 ,0.82793 ,0.04881 ,0.07789
0.00020 ,0.84430 ,0.04884 ,0.07785
0.00018 ,0.86026 ,0.04886 ,0.07781
0.00015 ,0.87575 ,0.04889 ,0.07778
0.00015 ,0.88044 ,0.04891 ,0.07774
0.00013 ,0.89635 ,0.04894 ,0.07769
0.00011 ,0.91065 ,0.04897 ,0.07765
0.00009 ,0.92412 ,0.04901 ,0.07760
0.00008 ,0.93676 ,0.04904 ,0.07755
0.00007 ,0.94851 ,0.04907 ,0.07750
0.00006 ,0.95931 ,0.04907 ,0.07750
0.00005 ,0.96899 ,0.04915 ,0.07740
0.00005 ,0.97223 ,0.04918 ,0.07735
0.00004 ,0.98093 ,0.04922 ,0.07729
0.00003 ,0.98781 ,0.04922 ,0.07729
0.00003 ,0.99317 ,0.04930 ,0.07717
0.00002 ,0.99706 ,0.04934 ,0.07711
0.00002 ,0.99817 ,0.04934 ,0.07711
0.00002 ,0.99986 ,0.04943 ,0.07699
0.00001 ,0.99965 ,0.04947 ,0.07693
0.00001 ,0.99759 ,0.04952 ,0.07686
0.00001 ,0.99615 ,0.04956 ,0.07680
0.00001 ,0.99097 ,0.04961 ,0.07673
0.00001 ,0.98383 ,0.04965 ,0.07667
0.00001 ,0.97464 ,0.04970 ,0.07660
0.00000 ,0.96977 ,0.04975 ,0.07653
0.00000 ,0.95669 ,0.04980 ,0.07646
0.00000 ,0.94163 ,0.04985 ,0.07639
0.00000 ,0.93377 ,0.04990 ,0.07632
0.00000 ,0.91469 ,0.04995 ,0.07625
0.00000 ,0.89365 ,0.05000 ,0.07617
0.00000 ,0.88168 ,0.05006 ,0.07610
0.00000 ,0.85702 ,0.05011 ,0.07602
0.00000 ,0.84395 ,0.05017 ,0.07594
0.00000 ,0.81551 ,0.05022 ,0.07586
0.00000 ,0.78536 ,0.05022 ,0.07586
0.00000 ,0.76635 ,0.05028 ,0.07578
0.00000 ,0.73496 ,0.05033 ,0.07571
0.00000 ,0.71438 ,0.05045 ,0.07554
0.00000 ,0.68076 ,0.05045 ,0.07554
0.00000 ,0.65861 ,0.05051 ,0.07546
0.00000 ,0.62361 ,0.05057 ,0.07538
0.00000 ,0.60036 ,0.05063 ,0.07529
0.00000 ,0.57796 ,0.05076 ,0.07512
0.00000 ,0.54211 ,0.05082 ,0.07503
0.00000 ,0.51813 ,0.05082 ,0.07503
0.00000 ,0.49538 ,0.05095 ,0.07486
0.00000 ,0.45986 ,0.05095 ,0.07486
0.00000 ,0.43649 ,0.05108 ,0.07468
0.00000 ,0.41412 ,0.05114 ,0.07459
0.00000 ,0.38050 ,0.05121 ,0.07450
0.00000 ,0.35832 ,0.05127 ,0.07442
0.00000 ,0.33745 ,0.05134 ,0.07433
0.00000 ,0.31717 ,0.05134 ,0.07433
0.00000 ,0.29772 ,0.05147 ,0.07415
0.00000 ,0.27871 ,0.05154 ,0.07406
0.00000 ,0.25103 ,0.05161 ,0.07396
0.00000 ,0.23308 ,0.05167 ,0.07387
0.00000 ,0.21637 ,0.05174 ,0.07378
0.00000 ,0.20052 ,0.05181 ,0.07369
0.00000 ,0.18545 ,0.05188 ,0.07359
0.00000 ,0.17114 ,0.05195 ,0.07350
0.00000 ,0.15757 ,0.05203 ,0.07340
0.00000 ,0.14475 ,0.05210 ,0.07331
0.00000 ,0.13266 ,0.05217 ,0.07321
0.00000 ,0.12129 ,0.05224 ,0.07312
0.00000 ,0.11064 ,0.05232 ,0.07302
0.00000 ,0.10068 ,0.05239 ,0.07292
0.00000 ,0.09593 ,0.05246 ,0.07283
0.00000 ,0.08718 ,0.05254 ,0.07273
0.00000 ,0.07891 ,0.05261 ,0.07263
0.00000 ,0.07118 ,0.05261 ,0.07263
0.00000 ,0.06754 ,0.05276 ,0.07244
0.00000 ,0.06080 ,0.05284 ,0.07234
0.00000 ,0.05451 ,0.05284 ,0.07234
0.00000 ,0.04878 ,0.05299 ,0.07214
0.00000 ,0.04600 ,0.05306 ,0.07205
0.00000 ,0.04103 ,0.05314 ,0.07195
0.00000 ,0.03863 ,0.05321 ,0.07186
0.00000 ,0.03432 ,0.05329 ,0.07176
0.00000 ,0.03224 ,0.05336 ,0.07167
0.00000 ,0.02851 ,0.05344 ,0.07157
0.00000 ,0.02672 ,0.05351 ,0.07148
0.00000 ,0.02352 ,0.05358 ,0.07138
0.00000 ,0.02199 ,0.05366 ,0.07129
0.00000 ,0.02055 ,0.05373 ,0.07120
0.00000 ,0.01799 ,0.05381 ,0.07110
0.00000 ,0.01676 ,0.05389 ,0.07100
0.00000 ,0.01561 ,0.05396 ,0.07091
0.00000 ,0.01357 ,0.05404 ,0.07082
0.00000 ,0.01259 ,0.05411 ,0.07072
0.00000 ,0.01168 ,0.05419 ,0.07063
0.00000 ,0.01083 ,0.05426 ,0.07054
0.00000 ,0.01004 ,0.05433 ,0.07045
0.00000 ,0.00863 ,0.05441 ,0.07036
0.00000 ,0.00910 ,0.05448 ,0.07027
0.00000 ,0.00752 ,0.05455 ,0.07018
0.00000 ,0.00682 ,0.05462 ,0.07009
0.00000 ,0.00625 ,0.05469 ,0.07000
0.00000 ,0.00574 ,0.05476 ,0.06992
0.00000 ,0.00570 ,0.05483 ,0.06983
0.00000 ,0.00524 ,0.05490 ,0.06975
0.00000 ,0.00481 ,0.05497 ,0.06967
0.00000 ,0.00441 ,0.05504 ,0.06958
0.00000 ,0.00404 ,0.05511 ,0.06950
0.00000 ,0.00401 ,0.05518 ,0.06942
0.00000 ,0.00367 ,0.05525 ,0.06933
0.00000 ,0.00335 ,0.05532 ,0.06925
0.00000 ,0.00305 ,0.05539 ,0.06916
0.00000 ,0.00303 ,0.05545 ,0.06908
0.00000 ,0.00276 ,0.05545 ,0.06908
0.00000 ,0.00251 ,0.05559 ,0.06892
0.00000 ,0.00249 ,0.05559 ,0.06892
0.00000 ,0.00248 ,0.05572 ,0.06876
0.00000 ,0.00225 ,0.05579 ,0.06868
0.00000 ,0.00204 ,0.05585 ,0.06861
0.00000 ,0.00202 ,0.05592 ,0.06853
0.00000 ,0.00200 ,0.05598 ,0.06845
0.00000 ,0.00181 ,0.05605 ,0.06838
0.00000 ,0.00180 ,0.05611 ,0.06831
0.00000 ,0.00178 ,0.05617 ,0.06823
0.00000 ,0.00161 ,0.05623 ,0.06816
0.00000 ,0.00159 ,0.05629 ,0.06809
0.00000 ,0.00158 ,0.05635 ,0.06802
0.00000 ,0.00157 ,0.05641 ,0.06795
0.00000 ,0.00155 ,0.05647 ,0.06788
0.00000 ,0.00154 ,0.05653 ,0.06781
0.00000 ,0.00153 ,0.05659 ,0.06774
0.00000 ,0.00151 ,0.05665 ,0.06768
0.00000 ,0.00150 ,0.05671 ,0.06761
0.00000 ,0.00164 ,0.05676 ,0.06754
0.00000 ,0.00162 ,0.05682 ,0.06748
0.00000 ,0.00161 ,0.05688 ,0.06741
0.00000 ,0.00159 ,0.05694 ,0.06734
0.00000 ,0.00173 ,0.05694 ,0.06734
0.00000 ,0.00190 ,0.05705 ,0.06721
0.00000 ,0.00188 ,0.05705 ,0.06721
0.00000 ,0.00206 ,0.05717 ,0.06708
0.00000 ,0.00203 ,0.05722 ,0.06702
0.00000 ,0.00221 ,0.05728 ,0.06696
0.00000 ,0.00241 ,0.05728 ,0.06696
0.00000 ,0.00264 ,0.05733 ,0.06689
0.00000 ,0.00260 ,0.05739 ,0.06683
0.00000 ,0.00282 ,0.05744 ,0.06677
0.00000 ,0.00307 ,0.05755 ,0.06665
0.00000 ,0.00333 ,0.05760 ,0.06659
0.00000 ,0.00362 ,0.05766 ,0.06653
0.00000 ,0.00392 ,0.05771 ,0.06647
0.00000 ,0.00424 ,0.05776 ,0.06641
0.00000 ,0.00458 ,0.05781 ,0.06635
0.00000 ,0.00495 ,0.05786 ,0.06629
0.00000 ,0.00533 ,0.05791 ,0.06624
0.00000 ,0.00573 ,0.05796 ,0.06618
0.00000 ,0.00616 ,0.05801 ,0.06613
0.00000 ,0.00726 ,0.05801 ,0.06613
0.00000 ,0.00780 ,0.05811 ,0.06602
0.00000 ,0.00834 ,0.05816 ,0.06596
0.00000 ,0.00890 ,0.05821 ,0.06591
0.00000 ,0.00948 ,0.05826 ,0.06585
0.00000 ,0.01008 ,0.05831 ,0.06580
0.00000 ,0.01070 ,0.05831 ,0.06580
0.00000 ,0.01134 ,0.05836 ,0.06575
0.00000 ,0.01314 ,0.05845 ,0.06565
0.00000 ,0.01392 ,0.05849 ,0.06560
0.00000 ,0.01470 ,0.05854 ,0.06555
0.00000 ,0.01549 ,0.05858 ,0.06550
0.00000 ,0.01777 ,0.05863 ,0.06545
0.00000 ,0.01871 ,0.05863 ,0.06545
0.00000 ,0.02140 ,0.05872 ,0.06535
0.00000 ,0.02246 ,0.05872 ,0.06535
0.00000 ,0.02349 ,0.05881 ,0.06525
0.00000 ,0.02663 ,0.05885 ,0.06521
0.00000 ,0.03020 ,0.05889 ,0.06516
0.00000 ,0.03153 ,0.05894 ,0.06511
0.00000 ,0.03550 ,0.05898 ,0.06506
0.00000 ,0.03996 ,0.05903 ,0.06502
0.00000 ,0.04152 ,0.05907 ,0.06497
0.00000 ,0.04637 ,0.05911 ,0.06492
0.00000 ,0.05179 ,0.05916 ,0.06487
0.00000 ,0.05771 ,0.05920 ,0.06483
0.00000 ,0.05961 ,0.05924 ,0.06478
0.00000 ,0.06125 ,0.05929 ,0.06473
0.00000 ,0.07118 ,0.05933 ,0.06469
0.00000 ,0.07947 ,0.05938 ,0.06464
0.00000 ,0.08211 ,0.05941 ,0.06460
0.00000 ,0.09009 ,0.05945 ,0.06456
0.00000 ,0.09873 ,0.05949 ,0.06451
0.00000 ,0.10793 ,0.05953 ,0.06447
0.00000 ,0.11769 ,0.05957 ,0.06443
0.00000 ,0.12013 ,0.05961 ,0.06439
0.00000 ,0.13587 ,0.05965 ,0.06435
0.00000 ,0.13991 ,0.05969 ,0.06430
0.00000 ,0.15150 ,0.05973 ,0.06426
0.00000 ,0.16362 ,0.05977 ,0.06422
0.00000 ,0.17617 ,0.05981 ,0.06418
0.00000 ,0.18920 ,0.05984 ,0.06414
0.00000 ,0.21104 ,0.05988 ,0.06410
0.00000 ,0.22789 ,0.05992 ,0.06407
0.00000 ,0.24418 ,0.05995 ,0.06403
0.00000 ,0.26022 ,0.05999 ,0.06399
0.00000 ,0.27634 ,0.06002 ,0.06395
0.00000 ,0.29269 ,0.06005 ,0.06392
0.00000 ,0.30931 ,0.06009 ,0.06388
0.00000 ,0.33680 ,0.06009 ,0.06388
0.00000 ,0.35797 ,0.06016 ,0.06381
0.00000 ,0.37768 ,0.06019 ,0.06378
0.00000 ,0.40889 ,0.06022 ,0.06374
0.00000 ,0.43134 ,0.06026 ,0.06371
0.00000 ,0.45192 ,0.06026 ,0.06371
0.00000 ,0.48440 ,0.06032 ,0.06364
0.00000 ,0.50747 ,0.06036 ,0.06360
0.00000 ,0.54684 ,0.06039 ,0.06357
0.00000 ,0.58695 ,0.06042 ,0.06353
0.00000 ,0.60814 ,0.06042 ,0.06353
0.00000 ,0.62712 ,0.06048 ,0.06347
0.00000 ,0.64504 ,0.06051 ,0.06344
0.00000 ,0.67427 ,0.06055 ,0.06340
0.00000 ,0.69565 ,0.06058 ,0.06337
0.00000 ,0.73215 ,0.06058 ,0.06337
0.00000 ,0.76768 ,0.06064 ,0.06331
0.00000 ,0.78469 ,0.06067 ,0.06328
0.00000 ,0.81009 ,0.06070 ,0.06325
0.00000 ,0.84254 ,0.06073 ,0.06322
0.00000 ,0.87192 ,0.06075 ,0.06319
0.00000 ,0.88484 ,0.06078 ,0.06316
0.00000 ,0.89553 ,0.06081 ,0.06313
0.00000 ,0.91260 ,0.06084 ,0.06311
0.00000 ,0.93480 ,0.06086 ,0.06308
0.00000 ,0.95345 ,0.06089 ,0.06305
0.00000 ,0.96848 ,0.06092 ,0.06302
0.00001 ,0.97406 ,0.06094 ,0.06300
0.00001 ,0.98216 ,0.06097 ,0.06297
0.00001 ,0.98681 ,0.06099 ,0.06294
0.00001 ,0.99024 ,0.06099 ,0.06294
0.00001 ,0.99495 ,0.06104 ,0.06289
0.00001 ,0.99897 ,0.06107 ,0.06287
0.00001 ,0.99975 ,0.06109 ,0.06284
0.00002 ,0.99986 ,0.06111 ,0.06282
0.00002 ,0.99921 ,0.06114 ,0.06280
0.00002 ,0.99686 ,0.06114 ,0.06280
0.00003 ,0.99477 ,0.06118 ,0.06275
0.00003 ,0.99265 ,0.06120 ,0.06273
0.00003 ,0.98761 ,0.06120 ,0.06273
0.00004 ,0.97847 ,0.06123 ,0.06270
0.00004 ,0.97455 ,0.06125 ,0.06268
0.00005 ,0.96591 ,0.06127 ,0.06266
0.00006 ,0.95240 ,0.06131 ,0.06262
0.00007 ,0.94730 ,0.06131 ,0.06262
0.00008 ,0.93573 ,0.06133 ,0.06260
0.00010 ,0.91871 ,0.06137 ,0.06256
0.00011 ,0.91281 ,0.06139 ,0.06254
0.00011 ,0.90788 ,0.06141 ,0.06252
0.00013 ,0.89458 ,0.06143 ,0.06250
0.00014 ,0.88781 ,0.06145 ,0.06248
0.00016 ,0.87163 ,0.06147 ,0.06246
0.00019 ,0.85058 ,0.06147 ,0.06246
0.00020 ,0.84430 ,0.06148 ,0.06244
0.00021 ,0.83922 ,0.06151 ,0.06241
0.00024 ,0.82363 ,0.06153 ,0.06240
0.00029 ,0.80110 ,0.06154 ,0.06238
0.00016 ,0.87120 ,0.06154 ,0.06238
0.00035 ,0.77337 ,0.06156 ,0.06237
0.00036 ,0.76978 ,0.06159 ,0.06233
0.00041 ,0.75214 ,0.06159 ,0.06233
0.00048 ,0.72812 ,0.06162 ,0.06230
0.00050 ,0.72205 ,0.06164 ,0.06229
0.00056 ,0.70400 ,0.06166 ,0.06227
0.00066 ,0.68008 ,0.06167 ,0.06225
0.00076 ,0.65778 ,0.06169 ,0.06224
0.00078 ,0.65246 ,0.06171 ,0.06222
0.00087 ,0.63496 ,0.06172 ,0.06220
0.00091 ,0.62873 ,0.06174 ,0.06218
0.00102 ,0.61043 ,0.06176 ,0.06217
0.00117 ,0.58712 ,0.06176 ,0.06217
0.00120 ,0.58261 ,0.06177 ,0.06215
0.00133 ,0.56592 ,0.06180 ,0.06212
0.00138 ,0.56029 ,0.06182 ,0.06211
0.00153 ,0.54330 ,0.06183 ,0.06209
0.00158 ,0.53769 ,0.06185 ,0.06208
0.00174 ,0.52165 ,0.06186 ,0.06206
0.00180 ,0.51626 ,0.06188 ,0.06205
0.00197 ,0.50080 ,0.06189 ,0.06203
0.00203 ,0.49563 ,0.06190 ,0.06202
0.00222 ,0.48076 ,0.06192 ,0.06201
0.00229 ,0.47583 ,0.06192 ,0.06201
0.00230 ,0.47469 ,0.06193 ,0.06199
0.00250 ,0.46140 ,0.06194 ,0.06198
0.00256 ,0.45704 ,0.06197 ,0.06196
0.00279 ,0.44304 ,0.06198 ,0.06194
0.00286 ,0.43871 ,0.06199 ,0.06193
0.00310 ,0.42571 ,0.06200 ,0.06192
0.00347 ,0.40719 ,0.06201 ,0.06192
0.00353 ,0.40467 ,0.06202 ,0.06191
0.00353 ,0.40455 ,0.06203 ,0.06190
0.00378 ,0.39347 ,0.06203 ,0.06189
0.00387 ,0.38987 ,0.06204 ,0.06188
0.00416 ,0.37826 ,0.06205 ,0.06187
0.00425 ,0.37474 ,0.06205 ,0.06187
0.00455 ,0.36399 ,0.06207 ,0.06185
0.00505 ,0.34764 ,0.06208 ,0.06184
0.00511 ,0.34587 ,0.06209 ,0.06183
0.00545 ,0.33584 ,0.06210 ,0.06182
0.00556 ,0.33284 ,0.06210 ,0.06182
0.00591 ,0.32352 ,0.06212 ,0.06181
0.00599 ,0.32150 ,0.06212 ,0.06180
0.00640 ,0.31157 ,0.06213 ,0.06179
0.00647 ,0.30985 ,0.06214 ,0.06179
0.00643 ,0.31067 ,0.06215 ,0.06178
0.00678 ,0.30281 ,0.06215 ,0.06177
0.00690 ,0.30035 ,0.06216 ,0.06177
0.00729 ,0.29230 ,0.06216 ,0.06176
0.00736 ,0.29085 ,0.06217 ,0.06175
0.00730 ,0.29202 ,0.06218 ,0.06175
0.00767 ,0.28492 ,0.06218 ,0.06174
0.00773 ,0.28372 ,0.06219 ,0.06174
0.00766 ,0.28505 ,0.06219 ,0.06173
0.00803 ,0.27826 ,0.06220 ,0.06173
0.00808 ,0.27731 ,0.06220 ,0.06173
0.00855 ,0.26929 ,0.06220 ,0.06172
0.00859 ,0.26860 ,0.06220 ,0.06172
0.00849 ,0.27034 ,0.06221 ,0.06172
0.00833 ,0.27302 ,0.06221 ,0.06171
0.00815 ,0.27602 ,0.06221 ,0.06171
0.00798 ,0.27916 ,0.06222 ,0.06170
0.00780 ,0.28240 ,0.06222 ,0.06170
0.00812 ,0.27668 ,0.06223 ,0.06170
0.00817 ,0.27575 ,0.06223 ,0.06169
0.00802 ,0.27832 ,0.06224 ,0.06169
0.00785 ,0.28156 ,0.06224 ,0.06168
0.00816 ,0.27590 ,0.06225 ,0.06168
0.00819 ,0.27533 ,0.06225 ,0.06167
0.00804 ,0.27813 ,0.06225 ,0.06167
0.00837 ,0.27238 ,0.06226 ,0.06166
0.00764 ,0.28545 ,0.06227 ,0.06166
0.00795 ,0.27974 ,0.06227 ,0.06165
0.00792 ,0.28024 ,0.06228 ,0.06165
0.00777 ,0.28300 ,0.06228 ,0.06164
0.00757 ,0.28668 ,0.06229 ,0.06164
0.00786 ,0.28121 ,0.06229 ,0.06163
0.00785 ,0.28144 ,0.06230 ,0.06163
0.00768 ,0.28470 ,0.06230 ,0.06162
0.00747 ,0.28868 ,0.06231 ,0.06162
0.00725 ,0.29294 ,0.06231 ,0.06161
0.00752 ,0.28772 ,0.06232 ,0.06161
0.00748 ,0.28842 ,0.06232 ,0.06160
0.00731 ,0.29186 ,0.06233 ,0.06160
0.00710 ,0.29611 ,0.06233 ,0.06159
0.00688 ,0.30067 ,0.06234 ,0.06159
0.00667 ,0.30537 ,0.06234 ,0.06159
0.00646 ,0.31016 ,0.06234 ,0.06158
0.00668 ,0.30508 ,0.06234 ,0.06158
0.00662 ,0.30640 ,0.06235 ,0.06158
0.00646 ,0.31009 ,0.06235 ,0.06158
0.00626 ,0.31473 ,0.06235 ,0.06157
0.00606 ,0.31971 ,0.06235 ,0.06157
0.00586 ,0.32484 ,0.06236 ,0.06157
0.00566 ,0.33009 ,0.06236 ,0.06156
0.00547 ,0.33542 ,0.06236 ,0.06156
0.00528 ,0.34081 ,0.06237 ,0.06156
0.00509 ,0.34628 ,0.06237 ,0.06155
0.00492 ,0.35183 ,0.06238 ,0.06155
0.00474 ,0.35745 ,0.06238 ,0.06154
0.00457 ,0.36314 ,0.06239 ,0.06154
0.00441 ,0.36890 ,0.06239 ,0.06154
0.00425 ,0.37473 ,0.06239 ,0.06154
0.00410 ,0.38062 ,0.06240 ,0.06152
0.00395 ,0.38660 ,0.06240 ,0.06152
0.00380 ,0.39262 ,0.06241 ,0.06152
0.00366 ,0.39872 ,0.06241 ,0.06152
0.00352 ,0.40487 ,0.06242 ,0.06151
0.00339 ,0.41110 ,0.06242 ,0.06150
0.00326 ,0.41738 ,0.06243 ,0.06150
0.00314 ,0.42372 ,0.06243 ,0.06150
0.00302 ,0.43013 ,0.06243 ,0.06150
0.00290 ,0.43658 ,0.06243 ,0.06149
0.00279 ,0.44310 ,0.06244 ,0.06149
0.00242 ,0.46683 ,0.06244 ,0.06149
0.00213 ,0.48762 ,0.06244 ,0.06148
0.00213 ,0.48777 ,0.06245 ,0.06148
0.00210 ,0.49027 ,0.06245 ,0.06148
0.00203 ,0.49557 ,0.06245 ,0.06148
0.00196 ,0.50188 ,0.06245 ,0.06147
0.00188 ,0.50855 ,0.06246 ,0.06147
0.00162 ,0.53329 ,0.06246 ,0.06147
0.00155 ,0.54093 ,0.06246 ,0.06147
0.00148 ,0.54803 ,0.06246 ,0.06146
0.00142 ,0.55504 ,0.06246 ,0.06146
0.00136 ,0.56203 ,0.06247 ,0.06146
0.00131 ,0.56902 ,0.06247 ,0.06146
0.00125 ,0.57603 ,0.06247 ,0.06145
0.00108 ,0.60129 ,0.06248 ,0.06145
0.00103 ,0.60894 ,0.06248 ,0.06145
0.00098 ,0.61609 ,0.06249 ,0.06144
0.00094 ,0.62314 ,0.06249 ,0.06144
0.00090 ,0.63013 ,0.06249 ,0.06144
0.00086 ,0.63712 ,0.06249 ,0.06144
0.00074 ,0.66223 ,0.06250 ,0.06143
0.00070 ,0.66968 ,0.06250 ,0.06143
0.00067 ,0.67670 ,0.06250 ,0.06143
0.00064 ,0.68358 ,0.06250 ,0.06142
0.00062 ,0.69041 ,0.06251 ,0.06142
0.00052 ,0.71493 ,0.06251 ,0.06142
0.00050 ,0.72207 ,0.06251 ,0.06142
0.00048 ,0.72881 ,0.06251 ,0.06141
0.00046 ,0.73541 ,0.06252 ,0.06141
0.00044 ,0.74194 ,0.06252 ,0.06141
0.00037 ,0.76543 ,0.06252 ,0.06141
0.00035 ,0.77214 ,0.06252 ,0.06141
0.00034 ,0.77849 ,0.06252 ,0.06141
0.00029 ,0.80095 ,0.06252 ,0.06141
0.00027 ,0.80728 ,0.06252 ,0.06141
0.00026 ,0.81326 ,0.06252 ,0.06141
0.00025 ,0.81907 ,0.06252 ,0.06141
0.00021 ,0.83997 ,0.06252 ,0.06141
0.00020 ,0.84576 ,0.06252 ,0.06141
0.00019 ,0.85123 ,0.06252 ,0.06141
0.00016 ,0.87061 ,0.06252 ,0.06140
0.00015 ,0.87591 ,0.06252 ,0.06140
0.00015 ,0.88089 ,0.06252 ,0.06140
0.00012 ,0.89853 ,0.06252 ,0.06140
0.00012 ,0.90329 ,0.06252 ,0.06140
0.00011 ,0.90773 ,0.06252 ,0.06141
0.00011 ,0.91201 ,0.06252 ,0.06141
0.00010 ,0.91616 ,0.06252 ,0.06141
0.00010 ,0.92022 ,0.06252 ,0.06141
0.00009 ,0.92417 ,0.06251 ,0.06141
0.00008 ,0.93847 ,0.06251 ,0.06142
0.00007 ,0.94224 ,0.06251 ,0.06142
0.00007 ,0.94572 ,0.06250 ,0.06142
0.00007 ,0.94903 ,0.06250 ,0.06143
0.00006 ,0.95221 ,0.06250 ,0.06143
0.00006 ,0.95529 ,0.06250 ,0.06143
0.00006 ,0.95827 ,0.06250 ,0.06143
0.00005 ,0.96888 ,0.06250 ,0.06143
0.00005 ,0.97159 ,0.06250 ,0.06143
0.00004 ,0.97403 ,0.06250 ,0.06143
0.00004 ,0.98232 ,0.06249 ,0.06143
0.00004 ,0.98436 ,0.06249 ,0.06143
0.00003 ,0.98615 ,0.06249 ,0.06144
0.00003 ,0.98780 ,0.06249 ,0.06144
0.00003 ,0.99324 ,0.06249 ,0.06144
0.00003 ,0.99449 ,0.06249 ,0.06144
0.00002 ,0.99552 ,0.06248 ,0.06144
0.00002 ,0.99642 ,0.06248 ,0.06144
0.00002 ,0.99722 ,0.06248 ,0.06145
0.00002 ,0.99791 ,0.06248 ,0.06145
0.00002 ,0.99849 ,0.06248 ,0.06145
0.00002 ,0.99899 ,0.06247 ,0.06145
0.00002 ,0.99938 ,0.06247 ,0.06145
0.00002 ,0.99967 ,0.06247 ,0.06146
0.00002 ,0.99988 ,0.06247 ,0.06146
0.00002 ,0.99998 ,0.06247 ,0.06146
0.00002 ,0.99999 ,0.06246 ,0.06146
0.00001 ,0.99991 ,0.06246 ,0.06146
0.00001 ,0.99974 ,0.06246 ,0.06147
0.00001 ,0.99948 ,0.06246 ,0.06147
0.00001 ,0.99913 ,0.06245 ,0.06147
0.00001 ,0.99669 ,0.06245 ,0.06147
0.00001 ,0.99619 ,0.06245 ,0.06148
0.00001 ,0.99352 ,0.06245 ,0.06148
0.00001 ,0.99323 ,0.06244 ,0.06148
0.00001 ,0.99247 ,0.06244 ,0.06148
0.00001 ,0.99146 ,0.06244 ,0.06148
0.00001 ,0.99031 ,0.06244 ,0.06148
0.00001 ,0.98905 ,0.06244 ,0.06148
0.00001 ,0.98770 ,0.06244 ,0.06148
0.00001 ,0.98628 ,0.06244 ,0.06148
0.00001 ,0.98480 ,0.06244 ,0.06149
0.00001 ,0.98324 ,0.06244 ,0.06149
0.00001 ,0.98163 ,0.06244 ,0.06149
0.00001 ,0.97357 ,0.06244 ,0.06149
0.00000 ,0.97214 ,0.06244 ,0.06149
0.00001 ,0.97325 ,0.06244 ,0.06149
0.00001 ,0.97328 ,0.06244 ,0.06149
0.00000 ,0.97216 ,0.06244 ,0.06149
0.00000 ,0.97054 ,0.06243 ,0.06149
0.00000 ,0.96869 ,0.06243 ,0.06150
0.00000 ,0.96671 ,0.06243 ,0.06150
0.00000 ,0.96466 ,0.06243 ,0.06150
0.00000 ,0.96255 ,0.06242 ,0.06150
0.00000 ,0.96041 ,0.06242 ,0.06150
0.00000 ,0.95822 ,0.06242 ,0.06151
0.00000 ,0.95601 ,0.06242 ,0.06151
0.00000 ,0.96215 ,0.06242 ,0.06151
0.00000 ,0.96073 ,0.06241 ,0.06151
0.00000 ,0.95883 ,0.06241 ,0.06152
0.00000 ,0.95678 ,0.06241 ,0.06152
0.00000 ,0.95466 ,0.06240 ,0.06152
0.00000 ,0.95249 ,0.06239 ,0.06153
0.00000 ,0.95030 ,0.06239 ,0.06153
0.00000 ,0.94809 ,0.06239 ,0.06153
0.00000 ,0.94586 ,0.06239 ,0.06154
0.00000 ,0.95288 ,0.06239 ,0.06154
0.00000 ,0.95155 ,0.06239 ,0.06154
0.00000 ,0.94968 ,0.06239 ,0.06154
0.00000 ,0.94768 ,0.06239 ,0.06154
0.00000 ,0.95470 ,0.06239 ,0.06154
0.00000 ,0.95350 ,0.06239 ,0.06154
0.00000 ,0.95177 ,0.06238 ,0.06154
0.00000 ,0.94990 ,0.06238 ,0.06154
0.00000 ,0.94797 ,0.06238 ,0.06154
0.00000 ,0.95508 ,0.06238 ,0.06154
0.00000 ,0.95401 ,0.06238 ,0.06155
0.00000 ,0.95242 ,0.06238 ,0.06155
0.00000 ,0.95070 ,0.06238 ,0.06155
0.00000 ,0.94894 ,0.06238 ,0.06154
0.00000 ,0.95065 ,0.06238 ,0.06154
0.00000 ,0.95219 ,0.06239 ,0.06154
0.00000 ,0.95252 ,0.06239 ,0.06154
0.00000 ,0.95171 ,0.06239 ,0.06154
0.00000 ,0.95395 ,0.06239 ,0.06153
0.00000 ,0.94654 ,0.06240 ,0.06153
0.00000 ,0.94928 ,0.06240 ,0.06153
0.00000 ,0.95190 ,0.06240 ,0.06153
0.00000 ,0.95286 ,0.06240 ,0.06152
0.00000 ,0.95243 ,0.06241 ,0.06152
0.00000 ,0.95347 ,0.06241 ,0.06152
0.00000 ,0.96435 ,0.06241 ,0.06151
0.00000 ,0.96584 ,0.06241 ,0.06151
0.00000 ,0.96575 ,0.06242 ,0.06151
0.00000 ,0.96506 ,0.06242 ,0.06150
0.00000 ,0.96582 ,0.06243 ,0.06150
0.00001 ,0.97518 ,0.06243 ,0.06149
0.00001 ,0.97651 ,0.06244 ,0.06149
0.00001 ,0.97652 ,0.06244 ,0.06148
0.00001 ,0.97604 ,0.06245 ,0.06148
0.00001 ,0.97683 ,0.06245 ,0.06148
0.00001 ,0.97879 ,0.06245 ,0.06148
0.00001 ,0.97974 ,0.06245 ,0.06147
0.00001 ,0.97974 ,0.06246 ,0.06147
0.00001 ,0.98083 ,0.06246 ,0.06147
0.00001 ,0.98269 ,0.06246 ,0.06147
0.00001 ,0.98363 ,0.06246 ,0.06146
0.00001 ,0.98528 ,0.06246 ,0.06146
0.00001 ,0.99139 ,0.06247 ,0.06146
0.00001 ,0.99226 ,0.06247 ,0.06146
0.00001 ,0.99354 ,0.06247 ,0.06146
0.00001 ,0.99466 ,0.06247 ,0.06146
0.00001 ,0.99770 ,0.06247 ,0.06145
0.00001 ,0.99787 ,0.06247 ,0.06145
0.00001 ,0.99836 ,0.06248 ,0.06145
0.00001 ,0.99986 ,0.06248 ,0.06145
0.00002 ,0.99667 ,0.06249 ,0.06144
0.00002 ,0.99610 ,0.06249 ,0.06144
0.00002 ,0.99494 ,0.06249 ,0.06144
0.00003 ,0.99032 ,0.06250 ,0.06143
0.00003 ,0.99341 ,0.06250 ,0.06142
0.00003 ,0.99181 ,0.06251 ,0.06142
0.00003 ,0.98615 ,0.06251 ,0.06142
0.00004 ,0.97961 ,0.06251 ,0.06142
0.00004 ,0.97907 ,0.06251 ,0.06141
0.00004 ,0.97901 ,0.06252 ,0.06141
0.00004 ,0.97730 ,0.06252 ,0.06141
0.00004 ,0.97503 ,0.06252 ,0.06141
0.00005 ,0.96635 ,0.06252 ,0.06140
0.00005 ,0.96551 ,0.06253 ,0.06140
0.00005 ,0.96274 ,0.06253 ,0.06140
0.00006 ,0.95978 ,0.06253 ,0.06140
0.00007 ,0.94899 ,0.06253 ,0.06139
0.00007 ,0.94785 ,0.06253 ,0.06139
0.00009 ,0.93072 ,0.06254 ,0.06139
0.00008 ,0.93743 ,0.06254 ,0.06139
0.00009 ,0.92982 ,0.06254 ,0.06139
0.00009 ,0.92706 ,0.06254 ,0.06139
0.00010 ,0.92085 ,0.06254 ,0.06138
0.00012 ,0.90497 ,0.06254 ,0.06138
0.00012 ,0.90180 ,0.06255 ,0.06138
0.00013 ,0.89550 ,0.06255 ,0.06138
0.00015 ,0.87721 ,0.06255 ,0.06138
0.00016 ,0.87328 ,0.06255 ,0.06137
0.00017 ,0.86511 ,0.06256 ,0.06137
0.00018 ,0.85984 ,0.06256 ,0.06137
0.00021 ,0.84129 ,0.06256 ,0.06136
0.00021 ,0.83893 ,0.06257 ,0.06136
0.00023 ,0.83144 ,0.06257 ,0.06136
0.00027 ,0.80988 ,0.06257 ,0.06136
0.00028 ,0.80478 ,0.06257 ,0.06136
0.00030 ,0.79299 ,0.06257 ,0.06136
0.00032 ,0.78714 ,0.06257 ,0.06135
0.00035 ,0.77165 ,0.06258 ,0.06135
0.00042 ,0.74904 ,0.06258 ,0.06135
0.00048 ,0.72781 ,0.06258 ,0.06135
0.00049 ,0.72394 ,0.06258 ,0.06135
0.00054 ,0.71087 ,0.06258 ,0.06135
0.00056 ,0.70470 ,0.06258 ,0.06135
0.00063 ,0.68699 ,0.06258 ,0.06135
0.00066 ,0.68022 ,0.06258 ,0.06135
0.00073 ,0.66301 ,0.06258 ,0.06135
0.00085 ,0.63880 ,0.06258 ,0.06135
0.00088 ,0.63337 ,0.06258 ,0.06135
0.00112 ,0.59396 ,0.06258 ,0.06135
0.00104 ,0.60631 ,0.06258 ,0.06135
0.00115 ,0.59101 ,0.06258 ,0.06135
0.00133 ,0.56657 ,0.06258 ,0.06134
0.00137 ,0.56093 ,0.06259 ,0.06134
0.00141 ,0.55708 ,0.06259 ,0.06134
0.00155 ,0.54062 ,0.06259 ,0.06134
0.00163 ,0.53291 ,0.06259 ,0.06134
0.00182 ,0.51445 ,0.06259 ,0.06133
0.00191 ,0.50593 ,0.06260 ,0.06133
0.00196 ,0.50133 ,0.06260 ,0.06133
0.00217 ,0.48484 ,0.06260 ,0.06133
0.00251 ,0.46033 ,0.06260 ,0.06133
0.00262 ,0.45312 ,0.06260 ,0.06133
0.00270 ,0.44828 ,0.06260 ,0.06133
0.00297 ,0.43287 ,0.06260 ,0.06133
0.00314 ,0.42371 ,0.06260 ,0.06133
0.00349 ,0.40657 ,0.06259 ,0.06134
0.00369 ,0.39723 ,0.06259 ,0.06134
0.00409 ,0.38100 ,0.06259 ,0.06134
0.00468 ,0.35948 ,0.06258 ,0.06135
0.00678 ,0.30297 ,0.06258 ,0.06135
0.00431 ,0.37248 ,0.06258 ,0.06135
0.00458 ,0.36299 ,0.06258 ,0.06135
0.00665 ,0.30576 ,0.06258 ,0.06135
0.00690 ,0.30028 ,0.06258 ,0.06135
0.00717 ,0.29464 ,0.06257 ,0.06135
0.00798 ,0.27919 ,0.06257 ,0.06136
0.00842 ,0.27150 ,0.06257 ,0.06136
0.00874 ,0.26619 ,0.06256 ,0.06137
0.00983 ,0.24995 ,0.06256 ,0.06137
0.01035 ,0.24285 ,0.06256 ,0.06137
0.01165 ,0.22713 ,0.06255 ,0.06138
0.01218 ,0.22136 ,0.06255 ,0.06138
0.01386 ,0.20495 ,0.06254 ,0.06138
0.01445 ,0.19975 ,0.06254 ,0.06138
0.01380 ,0.20548 ,0.06254 ,0.06139
0.01724 ,0.17862 ,0.06254 ,0.06139
0.01762 ,0.17606 ,0.06254 ,0.06139
0.01824 ,0.17208 ,0.06254 ,0.06139
0.02102 ,0.15634 ,0.06253 ,0.06139
0.02167 ,0.15304 ,0.06253 ,0.06139
0.02232 ,0.14990 ,0.06253 ,0.06140
0.02584 ,0.13483 ,0.06253 ,0.06140
0.02656 ,0.13211 ,0.06253 ,0.06140
0.02737 ,0.12915 ,0.06253 ,0.06140
0.02848 ,0.12530 ,0.06253 ,0.06140
0.02966 ,0.12147 ,0.06253 ,0.06139
0.03088 ,0.11772 ,0.06253 ,0.06139
0.03596 ,0.10414 ,0.06253 ,0.06139
0.04099 ,0.09325 ,0.06253 ,0.06139
0.04162 ,0.09204 ,0.06253 ,0.06139
0.04301 ,0.08944 ,0.06253 ,0.06139
0.04491 ,0.08609 ,0.06254 ,0.06139
0.05231 ,0.07491 ,0.06254 ,0.06139
0.05316 ,0.07377 ,0.06254 ,0.06139
0.06169 ,0.06388 ,0.06254 ,0.06139
0.06261 ,0.06294 ,0.06255 ,0.06138
0.06534 ,0.06029 ,0.06256 ,0.06137
0.06831 ,0.05761 ,0.06256 ,0.06137
0.07144 ,0.05499 ,0.06256 ,0.06137
0.07479 ,0.05239 ,0.06257 ,0.06136
0.07831 ,0.04987 ,0.06257 ,0.06136
0.08207 ,0.04737 ,0.06258 ,0.06135
0.08602 ,0.04495 ,0.06258 ,0.06135
0.09023 ,0.04258 ,0.06259 ,0.06134
0.09464 ,0.04029 ,0.06259 ,0.06134
0.09932 ,0.03807 ,0.06260 ,0.06133
0.10422 ,0.03592 ,0.06260 ,0.06133
0.10940 ,0.03385 ,0.06260 ,0.06133
0.11484 ,0.03186 ,0.06260 ,0.06133
0.12055 ,0.02995 ,0.06261 ,0.06132
0.12653 ,0.02812 ,0.06261 ,0.06132
0.12445 ,0.02874 ,0.06262 ,0.06131
0.13064 ,0.02696 ,0.06262 ,0.06131
0.13714 ,0.02525 ,0.06262 ,0.06131
0.14381 ,0.02366 ,0.06262 ,0.06131
0.15101 ,0.02209 ,0.06263 ,0.06130
0.15861 ,0.02058 ,0.06263 ,0.06130
0.16657 ,0.01915 ,0.06263 ,0.06130
0.17489 ,0.01780 ,0.06263 ,0.06130
0.17072 ,0.01846 ,0.06263 ,0.06130
0.18124 ,0.01685 ,0.06264 ,0.06129
0.19049 ,0.01559 ,0.06264 ,0.06129
0.18546 ,0.01626 ,0.06264 ,0.06129
0.19756 ,0.01471 ,0.06264 ,0.06129
0.20787 ,0.01354 ,0.06264 ,0.06129
0.20212 ,0.01417 ,0.06264 ,0.06129
0.21592 ,0.01270 ,0.06264 ,0.06129
0.22745 ,0.01162 ,0.06265 ,0.06128
0.22091 ,0.01222 ,0.06265 ,0.06128
0.23650 ,0.01085 ,0.06265 ,0.06128
0.24942 ,0.00986 ,0.06265 ,0.06128
0.24220 ,0.01040 ,0.06265 ,0.06128
0.25959 ,0.00916 ,0.06265 ,0.06128
0.25342 ,0.00958 ,0.06265 ,0.06128
0.27184 ,0.00840 ,0.06265 ,0.06128
0.28707 ,0.00755 ,0.06265 ,0.06128
0.27986 ,0.00794 ,0.06265 ,0.06128
0.28032 ,0.00791 ,0.06265 ,0.06128
0.29884 ,0.00697 ,0.06266 ,0.06127
0.29476 ,0.00716 ,0.06266 ,0.06127
0.31443 ,0.00627 ,0.06266 ,0.06127
0.31118 ,0.00641 ,0.06266 ,0.06127
0.31348 ,0.00631 ,0.06266 ,0.06127
0.31319 ,0.00633 ,0.06266 ,0.06127
0.33303 ,0.00555 ,0.06266 ,0.06127
0.33107 ,0.00562 ,0.06266 ,0.06127
0.33498 ,0.00548 ,0.06266 ,0.06127
0.33574 ,0.00545 ,0.06266 ,0.06127
0.33759 ,0.00539 ,0.06266 ,0.06127
0.33985 ,0.00531 ,0.06266 ,0.06127
0.34227 ,0.00523 ,0.06266 ,0.06127
0.34490 ,0.00514 ,0.06266 ,0.06127
0.34775 ,0.00505 ,0.06266 ,0.06127
0.35082 ,0.00495 ,0.06266 ,0.06127
0.35411 ,0.00484 ,0.06266 ,0.06127
0.37506 ,0.00424 ,0.06266 ,0.06127
0.37398 ,0.00427 ,0.06266 ,0.06127
0.38334 ,0.00403 ,0.06266 ,0.06127
0.38715 ,0.00393 ,0.06266 ,0.06127
0.39139 ,0.00383 ,0.06266 ,0.06127
0.39603 ,0.00372 ,0.06266 ,0.06127
0.40095 ,0.00361 ,0.06265 ,0.06128
0.40612 ,0.00350 ,0.06265 ,0.06128
0.41153 ,0.00338 ,0.06265 ,0.06128
0.41719 ,0.00327 ,0.06265 ,0.06128
0.42310 ,0.00315 ,0.06265 ,0.06128
0.42927 ,0.00303 ,0.06264 ,0.06129
0.43570 ,0.00292 ,0.06264 ,0.06129
0.44240 ,0.00280 ,0.06264 ,0.06129
0.42507 ,0.00311 ,0.06263 ,0.06129
0.43726 ,0.00289 ,0.06263 ,0.06130
0.44529 ,0.00275 ,0.06263 ,0.06130
0.45314 ,0.00262 ,0.06263 ,0.06130
0.46119 ,0.00250 ,0.06262 ,0.06131
0.44322 ,0.00279 ,0.06262 ,0.06131
0.45767 ,0.00255 ,0.06262 ,0.06131
0.46751 ,0.00241 ,0.06262 ,0.06131
0.47696 ,0.00227 ,0.06261 ,0.06132
0.45898 ,0.00253 ,0.06261 ,0.06132
0.47499 ,0.00230 ,0.06260 ,0.06132
0.48629 ,0.00215 ,0.06260 ,0.06133
0.46940 ,0.00238 ,0.06260 ,0.06133
0.46184 ,0.00249 ,0.06260 ,0.06133
0.47724 ,0.00227 ,0.06260 ,0.06133
0.49021 ,0.00210 ,0.06259 ,0.06134
0.47533 ,0.00230 ,0.06259 ,0.06134
0.49299 ,0.00206 ,0.06259 ,0.06134
0.47999 ,0.00223 ,0.06259 ,0.06134
0.49707 ,0.00201 ,0.06258 ,0.06134
0.48627 ,0.00215 ,0.06258 ,0.06134
0.48248 ,0.00220 ,0.06258 ,0.06135
0.49783 ,0.00201 ,0.06258 ,0.06135
0.48767 ,0.00213 ,0.06258 ,0.06135
0.48520 ,0.00216 ,0.06258 ,0.06135
0.50067 ,0.00197 ,0.06258 ,0.06135
0.49136 ,0.00208 ,0.06258 ,0.06135
0.49023 ,0.00210 ,0.06258 ,0.06135
0.48515 ,0.00216 ,0.06258 ,0.06135
0.48103 ,0.00222 ,0.06258 ,0.06135
0.47752 ,0.00227 ,0.06257 ,0.06135
0.49419 ,0.00205 ,0.06257 ,0.06136
0.48690 ,0.00214 ,0.06257 ,0.06136
0.48808 ,0.00213 ,0.06257 ,0.06136
0.48558 ,0.00216 ,0.06257 ,0.06136
0.48315 ,0.00219 ,0.06257 ,0.06136
0.48121 ,0.00222 ,0.06256 ,0.06136
0.47960 ,0.00224 ,0.06256 ,0.06137
0.47828 ,0.00225 ,0.06256 ,0.06137
0.47723 ,0.00227 ,0.06255 ,0.06137
0.47647 ,0.00228 ,0.06255 ,0.06138
0.47600 ,0.00229 ,0.06255 ,0.06138
0.47580 ,0.00229 ,0.06254 ,0.06138
0.47588 ,0.00229 ,0.06254 ,0.06139
0.47624 ,0.00228 ,0.06254 ,0.06139
0.47688 ,0.00227 ,0.06254 ,0.06139
0.47780 ,0.00226 ,0.06254 ,0.06139
0.45762 ,0.00255 ,0.06253 ,0.06139
0.46166 ,0.00249 ,0.06253 ,0.06140
0.46355 ,0.00246 ,0.06253 ,0.06140
0.46556 ,0.00243 ,0.06253 ,0.06140
0.46789 ,0.00240 ,0.06253 ,0.06140
0.47052 ,0.00236 ,0.06253 ,0.06140
0.45109 ,0.00266 ,0.06253 ,0.06140
0.45765 ,0.00255 ,0.06253 ,0.06140
0.46137 ,0.00250 ,0.06253 ,0.06140
0.46518 ,0.00244 ,0.06252 ,0.06140
0.46926 ,0.00238 ,0.06252 ,0.06140
0.45030 ,0.00267 ,0.06252 ,0.06140
0.45891 ,0.00253 ,0.06252 ,0.06140
0.46426 ,0.00245 ,0.06252 ,0.06141
0.44592 ,0.00274 ,0.06252 ,0.06141
0.45565 ,0.00258 ,0.06252 ,0.06141
0.43846 ,0.00287 ,0.06252 ,0.06141
0.44886 ,0.00269 ,0.06251 ,0.06141
0.45582 ,0.00258 ,0.06251 ,0.06141
0.43847 ,0.00287 ,0.06251 ,0.06142
0.42627 ,0.00309 ,0.06251 ,0.06142
0.43823 ,0.00287 ,0.06250 ,0.06142
0.44682 ,0.00273 ,0.06250 ,0.06142
0.45507 ,0.00259 ,0.06250 ,0.06143
0.43861 ,0.00287 ,0.06250 ,0.06143
0.42879 ,0.00304 ,0.06250 ,0.06143
0.44176 ,0.00281 ,0.06249 ,0.06143
0.42802 ,0.00306 ,0.06249 ,0.06144
0.41967 ,0.00322 ,0.06249 ,0.06144
0.43230 ,0.00298 ,0.06248 ,0.06145
0.42049 ,0.00320 ,0.06247 ,0.06145
0.43396 ,0.00295 ,0.06247 ,0.06145
0.42316 ,0.00315 ,0.06247 ,0.06146
0.41742 ,0.00326 ,0.06246 ,0.06146
0.40938 ,0.00343 ,0.06246 ,0.06147
0.40320 ,0.00356 ,0.06246 ,0.06147
0.41649 ,0.00328 ,0.06245 ,0.06147
0.40791 ,0.00346 ,0.06245 ,0.06148
0.42237 ,0.00316 ,0.06244 ,0.06149
0.41454 ,0.00332 ,0.06244 ,0.06149
0.41183 ,0.00337 ,0.06243 ,0.06150
0.40650 ,0.00349 ,0.06243 ,0.06150
0.40180 ,0.00359 ,0.06242 ,0.06151
0.39764 ,0.00368 ,0.06242 ,0.06151
0.41153 ,0.00338 ,0.06241 ,0.06152
0.40511 ,0.00352 ,0.06241 ,0.06152
0.40539 ,0.00351 ,0.06240 ,0.06153
0.40174 ,0.00359 ,0.06240 ,0.06153
0.39877 ,0.00366 ,0.06239 ,0.06153
0.39625 ,0.00372 ,0.06238 ,0.06154
0.39405 ,0.00377 ,0.06237 ,0.06155
0.39213 ,0.00381 ,0.06237 ,0.06156
0.39050 ,0.00385 ,0.06237 ,0.06156
0.38913 ,0.00388 ,0.06236 ,0.06157
0.38808 ,0.00391 ,0.06236 ,0.06157
0.38728 ,0.00393 ,0.06234 ,0.06158
0.38678 ,0.00394 ,0.06234 ,0.06159
0.38655 ,0.00395 ,0.06233 ,0.06159
0.36865 ,0.00442 ,0.06233 ,0.06160
0.36972 ,0.00439 ,0.06232 ,0.06161
0.37045 ,0.00437 ,0.06231 ,0.06161
0.37136 ,0.00434 ,0.06231 ,0.06162
0.37256 ,0.00431 ,0.06230 ,0.06163
0.37404 ,0.00427 ,0.06229 ,0.06163
0.35766 ,0.00474 ,0.06228 ,0.06164
0.36091 ,0.00464 ,0.06228 ,0.06165
0.36326 ,0.00457 ,0.06227 ,0.06165
0.34780 ,0.00504 ,0.06226 ,0.06166
0.35201 ,0.00491 ,0.06226 ,0.06167
0.35517 ,0.00481 ,0.06225 ,0.06167
0.34057 ,0.00529 ,0.06224 ,0.06168
0.34573 ,0.00511 ,0.06223 ,0.06169
0.34971 ,0.00498 ,0.06223 ,0.06170
0.33588 ,0.00545 ,0.06222 ,0.06171
0.34198 ,0.00524 ,0.06221 ,0.06172
0.34679 ,0.00508 ,0.06220 ,0.06172
0.33364 ,0.00553 ,0.06219 ,0.06173
0.34069 ,0.00528 ,0.06218 ,0.06174
0.32821 ,0.00573 ,0.06218 ,0.06174
0.33581 ,0.00545 ,0.06217 ,0.06176
0.34205 ,0.00524 ,0.06216 ,0.06177
0.33000 ,0.00566 ,0.06215 ,0.06178
0.33858 ,0.00535 ,0.06215 ,0.06178
0.32731 ,0.00576 ,0.06214 ,0.06178
0.33640 ,0.00543 ,0.06212 ,0.06180
0.32570 ,0.00582 ,0.06212 ,0.06180
0.33534 ,0.00547 ,0.06211 ,0.06182
0.32522 ,0.00584 ,0.06210 ,0.06182
0.31755 ,0.00615 ,0.06209 ,0.06183
0.32790 ,0.00574 ,0.06209 ,0.06183
0.31900 ,0.00609 ,0.06208 ,0.06184
0.32979 ,0.00567 ,0.06208 ,0.06185
0.32165 ,0.00598 ,0.06207 ,0.06185
0.31649 ,0.00619 ,0.06206 ,0.06186
0.32677 ,0.00578 ,0.06206 ,0.06186
0.31991 ,0.00605 ,0.06205 ,0.06187
0.31593 ,0.00621 ,0.06205 ,0.06187
0.31066 ,0.00643 ,0.06204 ,0.06188
0.32147 ,0.00599 ,0.06204 ,0.06189
0.31594 ,0.00621 ,0.06203 ,0.06189
0.31326 ,0.00632 ,0.06202 ,0.06190
0.30945 ,0.00649 ,0.06202 ,0.06190
0.30584 ,0.00665 ,0.06202 ,0.06191
0.30258 ,0.00679 ,0.06202 ,0.06191
0.31416 ,0.00629 ,0.06201 ,0.06192
0.31009 ,0.00646 ,0.06200 ,0.06192
0.30924 ,0.00650 ,0.06200 ,0.06193
0.30722 ,0.00659 ,0.06199 ,0.06193
0.30525 ,0.00667 ,0.06199 ,0.06194
0.30352 ,0.00675 ,0.06198 ,0.06194
0.31642 ,0.00619 ,0.06198 ,0.06194
0.31371 ,0.00631 ,0.06197 ,0.06195
0.31423 ,0.00628 ,0.06197 ,0.06195
0.31401 ,0.00629 ,0.06197 ,0.06196
0.31369 ,0.00631 ,0.06196 ,0.06196
0.31353 ,0.00631 ,0.06196 ,0.06196
0.31358 ,0.00631 ,0.06195 ,0.06197
0.31390 ,0.00630 ,0.06195 ,0.06197
0.31448 ,0.00627 ,0.06195 ,0.06197
0.31532 ,0.00624 ,0.06194 ,0.06198
0.31642 ,0.00619 ,0.06194 ,0.06198
0.31779 ,0.00614 ,0.06193 ,0.06199
0.31943 ,0.00607 ,0.06193 ,0.06199
0.32134 ,0.00599 ,0.06193 ,0.06200
0.30778 ,0.00656 ,0.06192 ,0.06200
0.31083 ,0.00643 ,0.06192 ,0.06201
0.31347 ,0.00632 ,0.06192 ,0.06201
0.31642 ,0.00619 ,0.06191 ,0.06201
0.31966 ,0.00606 ,0.06191 ,0.06201
0.32318 ,0.00592 ,0.06191 ,0.06202
0.31102 ,0.00642 ,0.06190 ,0.06202
0.31583 ,0.00622 ,0.06190 ,0.06202
0.32011 ,0.00604 ,0.06190 ,0.06203
0.32470 ,0.00586 ,0.06189 ,0.06203
0.31342 ,0.00632 ,0.06189 ,0.06203
0.31938 ,0.00607 ,0.06189 ,0.06203
0.32482 ,0.00586 ,0.06189 ,0.06204
0.33052 ,0.00564 ,0.06188 ,0.06204
0.32008 ,0.00604 ,0.06187 ,0.06205
0.32718 ,0.00577 ,0.06187 ,0.06205
0.33382 ,0.00552 ,0.06187 ,0.06205
0.32442 ,0.00587 ,0.06187 ,0.06206
0.33219 ,0.00558 ,0.06186 ,0.06206
0.33964 ,0.00532 ,0.06186 ,0.06206
0.33127 ,0.00562 ,0.06186 ,0.06207
0.33971 ,0.00532 ,0.06185 ,0.06207
0.33206 ,0.00559 ,0.06185 ,0.06208
0.34093 ,0.00527 ,0.06185 ,0.06208
0.34966 ,0.00498 ,0.06184 ,0.06208
0.34268 ,0.00521 ,0.06184 ,0.06208
0.35242 ,0.00490 ,0.06183 ,0.06209
0.34611 ,0.00510 ,0.06183 ,0.06209
0.35631 ,0.00478 ,0.06183 ,0.06210
0.35052 ,0.00496 ,0.06182 ,0.06210
0.36127 ,0.00463 ,0.06182 ,0.06210
0.35602 ,0.00479 ,0.06182 ,0.06211
0.36733 ,0.00445 ,0.06181 ,0.06211
0.36260 ,0.00459 ,0.06181 ,0.06211
0.37449 ,0.00426 ,0.06181 ,0.06212
0.37028 ,0.00437 ,0.06180 ,0.06212
0.36754 ,0.00445 ,0.06180 ,0.06213
0.37963 ,0.00412 ,0.06180 ,0.06213
0.37592 ,0.00422 ,0.06179 ,0.06213
0.38934 ,0.00388 ,0.06179 ,0.06214
0.38647 ,0.00395 ,0.06179 ,0.06214
0.38495 ,0.00399 ,0.06179 ,0.06214
0.39860 ,0.00366 ,0.06178 ,0.06214
0.39628 ,0.00371 ,0.06178 ,0.06214
0.39556 ,0.00373 ,0.06178 ,0.06215
0.41013 ,0.00341 ,0.06177 ,0.06215
0.40868 ,0.00344 ,0.06177 ,0.06215
0.40868 ,0.00344 ,0.06177 ,0.06215
0.42416 ,0.00313 ,0.06177 ,0.06215
0.42360 ,0.00314 ,0.06177 ,0.06215
0.42429 ,0.00313 ,0.06177 ,0.06216
0.42492 ,0.00311 ,0.06177 ,0.06216
0.44140 ,0.00282 ,0.06177 ,0.06216
0.44201 ,0.00281 ,0.06176 ,0.06216
0.44364 ,0.00278 ,0.06176 ,0.06216
0.44527 ,0.00275 ,0.06176 ,0.06216
0.44706 ,0.00272 ,0.06176 ,0.06217
0.44909 ,0.00269 ,0.06176 ,0.06217
0.45140 ,0.00265 ,0.06176 ,0.06217
0.46985 ,0.00237 ,0.06175 ,0.06217
0.47263 ,0.00233 ,0.06175 ,0.06217
0.47591 ,0.00229 ,0.06175 ,0.06218
0.47933 ,0.00224 ,0.06175 ,0.06218
0.48298 ,0.00219 ,0.06175 ,0.06218
0.48687 ,0.00214 ,0.06174 ,0.06218
0.49102 ,0.00209 ,0.06174 ,0.06218
0.49544 ,0.00203 ,0.06174 ,0.06218
0.50013 ,0.00198 ,0.06174 ,0.06218
0.50508 ,0.00192 ,0.06174 ,0.06218
0.51030 ,0.00186 ,0.06174 ,0.06219
0.51578 ,0.00180 ,0.06174 ,0.06219
0.52152 ,0.00174 ,0.06174 ,0.06219
0.52752 ,0.00168 ,0.06173 ,0.06219
0.53377 ,0.00162 ,0.06173 ,0.06219
0.54028 ,0.00155 ,0.06173 ,0.06219
0.54703 ,0.00149 ,0.06173 ,0.06219
0.55404 ,0.00143 ,0.06173 ,0.06219
0.56129 ,0.00137 ,0.06173 ,0.06220
0.56878 ,0.00131 ,0.06173 ,0.06220
0.57651 ,0.00125 ,0.06173 ,0.06220
0.58447 ,0.00119 ,0.06172 ,0.06220
0.59267 ,0.00113 ,0.06172 ,0.06220
0.60109 ,0.00108 ,0.06172 ,0.06221
0.60973 ,0.00102 ,0.06172 ,0.06221
0.61858 ,0.00097 ,0.06171 ,0.06221
0.62764 ,0.00092 ,0.06171 ,0.06221
0.63691 ,0.00086 ,0.06171 ,0.06221
0.64637 ,0.00081 ,0.06171 ,0.06221
0.65602 ,0.00077 ,0.06171 ,0.06221
0.66585 ,0.00072 ,0.06171 ,0.06221
0.67584 ,0.00068 ,0.06171 ,0.06221
0.68600 ,0.00063 ,0.06171 ,0.06221
0.69631 ,0.00059 ,0.06171 ,0.06221
0.70676 ,0.00055 ,0.06172 ,0.06221
0.71734 ,0.00052 ,0.06172 ,0.06221
0.72803 ,0.00048 ,0.06172 ,0.06220
0.73883 ,0.00045 ,0.06173 ,0.06220
0.74971 ,0.00041 ,0.06173 ,0.06220
0.76067 ,0.00038 ,0.06173 ,0.06219
0.77168 ,0.00035 ,0.06173 ,0.06219
0.78273 ,0.00033 ,0.06174 ,0.06219
0.79380 ,0.00030 ,0.06174 ,0.06218
0.79056 ,0.00031 ,0.06174 ,0.06218
0.80277 ,0.00028 ,0.06174 ,0.06218
0.81412 ,0.00026 ,0.06174 ,0.06218
0.82543 ,0.00024 ,0.06175 ,0.06218
0.83666 ,0.00022 ,0.06175 ,0.06217
0.84778 ,0.00020 ,0.06176 ,0.06217
0.85879 ,0.00018 ,0.06176 ,0.06217
0.86964 ,0.00016 ,0.06176 ,0.06216
0.88031 ,0.00015 ,0.06176 ,0.06216
0.89078 ,0.00013 ,0.06176 ,0.06216
0.90101 ,0.00012 ,0.06176 ,0.06216
0.91096 ,0.00011 ,0.06177 ,0.06216
0.92061 ,0.00010 ,0.06177 ,0.06215
0.92991 ,0.00009 ,0.06177 ,0.06215
0.93883 ,0.00008 ,0.06177 ,0.06215
0.94733 ,0.00007 ,0.06178 ,0.06215
0.95536 ,0.00006 ,0.06178 ,0.06215
0.95524 ,0.00006 ,0.06178 ,0.06214
0.96354 ,0.00005 ,0.06178 ,0.06214
0.97067 ,0.00005 ,0.06178 ,0.06214
0.97710 ,0.00004 ,0.06179 ,0.06214
0.98283 ,0.00004 ,0.06179 ,0.06213
0.98782 ,0.00003 ,0.06179 ,0.06213
0.99204 ,0.00003 ,0.06179 ,0.06213
0.99542 ,0.00002 ,0.06179 ,0.06213
0.99792 ,0.00002 ,0.06179 ,0.06213
0.99810 ,0.00002 ,0.06180 ,0.06213
0.99965 ,0.00002 ,0.06180 ,0.06212
0.99997 ,0.00002 ,0.06180 ,0.06212
0.99916 ,0.00001 ,0.06180 ,0.06212
0.99718 ,0.00001 ,0.06181 ,0.06212
0.99678 ,0.00001 ,0.06181 ,0.06211
0.99296 ,0.00001 ,0.06181 ,0.06211
0.98789 ,0.00001 ,0.06182 ,0.06211
0.98150 ,0.00001 ,0.06182 ,0.06210
0.98007 ,0.00001 ,0.06182 ,0.06210
0.97112 ,0.00000 ,0.06182 ,0.06210
0.96086 ,0.00000 ,0.06182 ,0.06210
0.95823 ,0.00000 ,0.06183 ,0.06210
0.94513 ,0.00000 ,0.06183 ,0.06210
0.93936 ,0.00000 ,0.06183 ,0.06209
0.92475 ,0.00000 ,0.06183 ,0.06209
0.92020 ,0.00000 ,0.06183 ,0.06209
0.90166 ,0.00000 ,0.06183 ,0.06209
0.89269 ,0.00000 ,0.06183 ,0.06209
0.87282 ,0.00000 ,0.06184 ,0.06209
0.86272 ,0.00000 ,0.06184 ,0.06209
0.85260 ,0.00000 ,0.06184 ,0.06209
0.82919 ,0.00000 ,0.06184 ,0.06208
0.81648 ,0.00000 ,0.06184 ,0.06208
0.79035 ,0.00000 ,0.06184 ,0.06208
0.77572 ,0.00000 ,0.06184 ,0.06208
0.76127 ,0.00000 ,0.06185 ,0.06208
0.74613 ,0.00000 ,0.06185 ,0.06208
0.71569 ,0.00000 ,0.06185 ,0.06207
0.69758 ,0.00000 ,0.06185 ,0.06207
0.67989 ,0.00000 ,0.06185 ,0.06207
0.66162 ,0.00000 ,0.06185 ,0.06207
0.64270 ,0.00000 ,0.06185 ,0.06207
0.60820 ,0.00000 ,0.06186 ,0.06207
0.58659 ,0.00000 ,0.06186 ,0.06207
0.56576 ,0.00000 ,0.06186 ,0.06207
0.54466 ,0.00000 ,0.06186 ,0.06207
0.52322 ,0.00000 ,0.06186 ,0.06207
0.50149 ,0.00000 ,0.06186 ,0.06207
0.47953 ,0.00000 ,0.06185 ,0.06207
0.47504 ,0.00000 ,0.06185 ,0.06207
0.45159 ,0.00000 ,0.06185 ,0.06207
0.42827 ,0.00000 ,0.06185 ,0.06207
0.40567 ,0.00000 ,0.06185 ,0.06208
0.38339 ,0.00000 ,0.06184 ,0.06208
0.36138 ,0.00000 ,0.06184 ,0.06208
0.33973 ,0.00000 ,0.06184 ,0.06208
0.31850 ,0.00000 ,0.06184 ,0.06208
0.30851 ,0.00000 ,0.06184 ,0.06208
0.28896 ,0.00000 ,0.06184 ,0.06208
0.26914 ,0.00000 ,0.06184 ,0.06208
0.24983 ,0.00000 ,0.06184 ,0.06208
0.23119 ,0.00000 ,0.06185 ,0.06208
0.21332 ,0.00000 ,0.06185 ,0.06208
0.20430 ,0.00000 ,0.06185 ,0.06207
0.18827 ,0.00000 ,0.06185 ,0.06207
0.17984 ,0.00000 ,0.06185 ,0.06207
0.16495 ,0.00000 ,0.06186 ,0.06206
0.15046 ,0.00000 ,0.06186 ,0.06206
0.14284 ,0.00000 ,0.06186 ,0.06206
0.12993 ,0.00000 ,0.06187 ,0.06205
0.13248 ,0.00000 ,0.06187 ,0.06205
0.11827 ,0.00000 ,0.06187 ,0.06205
0.11085 ,0.00000 ,0.06187 ,0.06205
0.10449 ,0.00000 ,0.06188 ,0.06205
0.09856 ,0.00000 ,0.06188 ,0.06204
0.08855 ,0.00000 ,0.06189 ,0.06204
0.08308 ,0.00000 ,0.06189 ,0.06203
0.07797 ,0.00000 ,0.06189 ,0.06203
0.06954 ,0.00000 ,0.06189 ,0.06203
0.06493 ,0.00000 ,0.06190 ,0.06203
0.06064 ,0.00000 ,0.06190 ,0.06203
0.05659 ,0.00000 ,0.06190 ,0.06202
0.05274 ,0.00000 ,0.06190 ,0.06202
0.04910 ,0.00000 ,0.06190 ,0.06202
0.04321 ,0.00000 ,0.06190 ,0.06202
0.04001 ,0.00000 ,0.06190 ,0.06202
0.03703 ,0.00000 ,0.06190 ,0.06202
0.03627 ,0.00000 ,0.06191 ,0.06202
0.03361 ,0.00000 ,0.06191 ,0.06202
0.03107 ,0.00000 ,0.06191 ,0.06202
0.02867 ,0.00000 ,0.06191 ,0.06201
0.02642 ,0.00000 ,0.06191 ,0.06201
0.02431 ,0.00000 ,0.06191 ,0.06201
0.02235 ,0.00000 ,0.06191 ,0.06201
0.02185 ,0.00000 ,0.06192 ,0.06201
0.02008 ,0.00000 ,0.06192 ,0.06201
0.01842 ,0.00000 ,0.06192 ,0.06200
0.01802 ,0.00000 ,0.06192 ,0.06200
0.01651 ,0.00000 ,0.06192 ,0.06200
0.01510 ,0.00000 ,0.06193 ,0.06200
0.01477 ,0.00000 ,0.06193 ,0.06200
0.01350 ,0.00000 ,0.06193 ,0.06199
0.01321 ,0.00000 ,0.06194 ,0.06199
0.01206 ,0.00000 ,0.06194 ,0.06198
0.01180 ,0.00000 ,0.06195 ,0.06198
0.01157 ,0.00000 ,0.06195 ,0.06197
0.01054 ,0.00000 ,0.06195 ,0.06197
0.01033 ,0.00000 ,0.06196 ,0.06196
0.01013 ,0.00000 ,0.06196 ,0.06196
0.00922 ,0.00000 ,0.06197 ,0.06196
0.00903 ,0.00000 ,0.06197 ,0.06195
0.00886 ,0.00000 ,0.06198 ,0.06194
0.00870 ,0.00000 ,0.06198 ,0.06194
0.00855 ,0.00000 ,0.06199 ,0.06193
0.00840 ,0.00000 ,0.06200 ,0.06193
0.00762 ,0.00000 ,0.06200 ,0.06193
0.00747 ,0.00000 ,0.06200 ,0.06192
0.00733 ,0.00000 ,0.06200 ,0.06192
0.00720 ,0.00000 ,0.06201 ,0.06191
0.00707 ,0.00000 ,0.06201 ,0.06191
0.00695 ,0.00000 ,0.06202 ,0.06190
0.00742 ,0.00000 ,0.06203 ,0.06190
0.00671 ,0.00000 ,0.06204 ,0.06189
0.00659 ,0.00000 ,0.06204 ,0.06188
0.00705 ,0.00000 ,0.06204 ,0.06188
0.00693 ,0.00000 ,0.06205 ,0.06187
0.00624 ,0.00000 ,0.06206 ,0.06186
0.00677 ,0.00000 ,0.06207 ,0.06185
0.00658 ,0.00000 ,0.06208 ,0.06184
0.00643 ,0.00000 ,0.06209 ,0.06184
0.00630 ,0.00000 ,0.06209 ,0.06183
0.00675 ,0.00000 ,0.06210 ,0.06182
0.00663 ,0.00000 ,0.06210 ,0.06182
0.00649 ,0.00000 ,0.06211 ,0.06181
0.00695 ,0.00000 ,0.06211 ,0.06181
0.00682 ,0.00000 ,0.06212 ,0.06180
0.00730 ,0.00000 ,0.06212 ,0.06180
0.00782 ,0.00000 ,0.06213 ,0.06180
0.00767 ,0.00000 ,0.06213 ,0.06179
0.00749 ,0.00000 ,0.06213 ,0.06179
0.00800 ,0.00000 ,0.06213 ,0.06179
0.00856 ,0.00000 ,0.06214 ,0.06179
0.00915 ,0.00000 ,0.06214 ,0.06178
0.00894 ,0.00000 ,0.06214 ,0.06178
0.00953 ,0.00000 ,0.06215 ,0.06178
0.01016 ,0.00000 ,0.06215 ,0.06178
0.01083 ,0.00000 ,0.06215 ,0.06177
0.01154 ,0.00000 ,0.06215 ,0.06177
0.01124 ,0.00000 ,0.06215 ,0.06177
0.01191 ,0.00000 ,0.06215 ,0.06177
0.01263 ,0.00000 ,0.06215 ,0.06177
0.01340 ,0.00000 ,0.06215 ,0.06177
0.01419 ,0.00000 ,0.06215 ,0.06177
0.01502 ,0.00000 ,0.06215 ,0.06177
0.01587 ,0.00000 ,0.06215 ,0.06177
0.01676 ,0.00000 ,0.06215 ,0.06177
0.01767 ,0.00000 ,0.06215 ,0.06178
0.01860 ,0.00000 ,0.06215 ,0.06178
0.01956 ,0.00000 ,0.06215 ,0.06178
0.02055 ,0.00000 ,0.06215 ,0.06178
0.02155 ,0.00000 ,0.06214 ,0.06178
0.02257 ,0.00000 ,0.06214 ,0.06178
0.02361 ,0.00000 ,0.06214 ,0.06178
0.02680 ,0.00000 ,0.06214 ,0.06178
0.02806 ,0.00000 ,0.06214 ,0.06178
0.02926 ,0.00000 ,0.06214 ,0.06178
0.03302 ,0.00000 ,0.06214 ,0.06178
0.03443 ,0.00000 ,0.06214 ,0.06178
0.03869 ,0.00000 ,0.06214 ,0.06178
0.04024 ,0.00000 ,0.06214 ,0.06178
0.04168 ,0.00000 ,0.06214 ,0.06178
0.04651 ,0.00000 ,0.06214 ,0.06178
0.05193 ,0.00000 ,0.06214 ,0.06178
0.05376 ,0.00000 ,0.06214 ,0.06178
0.05962 ,0.00000 ,0.06214 ,0.06178
0.06150 ,0.00000 ,0.06214 ,0.06178
0.06790 ,0.00000 ,0.06214 ,0.06179
0.06985 ,0.00000 ,0.06214 ,0.06179
0.07678 ,0.00000 ,0.06213 ,0.06179
0.08445 ,0.00000 ,0.06213 ,0.06179
0.09273 ,0.00000 ,0.06213 ,0.06179
0.10158 ,0.00000 ,0.06213 ,0.06179
0.10398 ,0.00000 ,0.06213 ,0.06180
0.11299 ,0.00000 ,0.06213 ,0.06180
0.12286 ,0.00000 ,0.06213 ,0.06180
0.13337 ,0.00000 ,0.06212 ,0.06180
0.14447 ,0.00000 ,0.06212 ,0.06180
0.15615 ,0.00000 ,0.06212 ,0.06180
0.16837 ,0.00000 ,0.06212 ,0.06180
0.17096 ,0.00000 ,0.06212 ,0.06180
0.18289 ,0.00000 ,0.06212 ,0.06180
0.19587 ,0.00000 ,0.06212 ,0.06180
0.20947 ,0.00000 ,0.06212 ,0.06180
0.23265 ,0.00000 ,0.06212 ,0.06180
0.23753 ,0.00000 ,0.06212 ,0.06180
0.26312 ,0.00000 ,0.06212 ,0.06180
0.26806 ,0.00000 ,0.06212 ,0.06180
0.28408 ,0.00000 ,0.06212 ,0.06180
0.30055 ,0.00000 ,0.06212 ,0.06180
0.30251 ,0.00000 ,0.06212 ,0.06180
0.31754 ,0.00000 ,0.06212 ,0.06180
0.33376 ,0.00000 ,0.06212 ,0.06180
0.36134 ,0.00000 ,0.06212 ,0.06180
0.38245 ,0.00000 ,0.06212 ,0.06180
0.32237 ,0.00000 ,0.06212 ,0.06181
0.36049 ,0.00000 ,0.06212 ,0.06181
0.39633 ,0.00000 ,0.06212 ,0.06181
0.41591 ,0.00000 ,0.06211 ,0.06181
0.43400 ,0.00000 ,0.06211 ,0.06181
0.56087 ,0.00000 ,0.06211 ,0.06181
0.49845 ,0.00000 ,0.06211 ,0.06181
0.60234 ,0.00000 ,0.06211 ,0.06181
0.64651 ,0.00000 ,0.06211 ,0.06182
0.57470 ,0.00000 ,0.06211 ,0.06182
0.67612 ,0.00000 ,0.06210 ,0.06182
0.69952 ,0.00000 ,0.06210 ,0.06182
0.73005 ,0.00000 ,0.06210 ,0.06182
0.74947 ,0.00000 ,0.06210 ,0.06182
0.67697 ,0.00000 ,0.06210 ,0.06182
0.77237 ,0.00000 ,0.06210 ,0.06182
0.79201 ,0.00000 ,0.06210 ,0.06182
0.81762 ,0.00000 ,0.06210 ,0.06182
0.83366 ,0.00000 ,0.06210 ,0.06182
0.76661 ,0.00000 ,0.06210 ,0.06182
0.86663 ,0.00000 ,0.06211 ,0.06182
0.88216 ,0.00000 ,0.06211 ,0.06182
0.90559 ,0.00000 ,0.06211 ,0.06182
0.92664 ,0.00000 ,0.06211 ,0.06181
0.93501 ,0.00000 ,0.06211 ,0.06181
0.94787 ,0.00000 ,0.06211 ,0.06181
0.96425 ,0.00000 ,0.06211 ,0.06181
0.97043 ,0.00000 ,0.06212 ,0.06181
0.97913 ,0.00001 ,0.06212 ,0.06181
0.98392 ,0.00001 ,0.06212 ,0.06181
0.98748 ,0.00001 ,0.06212 ,0.06181
0.99257 ,0.00001 ,0.06212 ,0.06181
0.96947 ,0.00000 ,0.06212 ,0.06181
0.99850 ,0.00001 ,0.06212 ,0.06181
0.99949 ,0.00001 ,0.06212 ,0.06181
0.99999 ,0.00002 ,0.06212 ,0.06181
0.99963 ,0.00002 ,0.06211 ,0.06181
0.99785 ,0.00002 ,0.06211 ,0.06181
0.99624 ,0.00002 ,0.06211 ,0.06181
0.99461 ,0.00003 ,0.06211 ,0.06181
0.99064 ,0.00003 ,0.06211 ,0.06181
0.98781 ,0.00003 ,0.06211 ,0.06181
0.98170 ,0.00004 ,0.06211 ,0.06181
0.97788 ,0.00004 ,0.06211 ,0.06181
0.96992 ,0.00005 ,0.06212 ,0.06181
0.96539 ,0.00005 ,0.06212 ,0.06181
0.95598 ,0.00006 ,0.06212 ,0.06180
0.94140 ,0.00008 ,0.06212 ,0.06180
0.93655 ,0.00008 ,0.06212 ,0.06180
0.92533 ,0.00009 ,0.06213 ,0.06180
0.90812 ,0.00011 ,0.06213 ,0.06179
0.89042 ,0.00013 ,0.06214 ,0.06179
0.87263 ,0.00016 ,0.06214 ,0.06178
0.86798 ,0.00016 ,0.06214 ,0.06178
0.86418 ,0.00017 ,0.06215 ,0.06177
0.85099 ,0.00019 ,0.06215 ,0.06177
0.84485 ,0.00020 ,0.06216 ,0.06177
0.82846 ,0.00023 ,0.06216 ,0.06176
0.82213 ,0.00024 ,0.06217 ,0.06175
0.80561 ,0.00028 ,0.06217 ,0.06175
0.79944 ,0.00029 ,0.06217 ,0.06175
0.78267 ,0.00033 ,0.06218 ,0.06174
0.76036 ,0.00038 ,0.06219 ,0.06174
0.75562 ,0.00040 ,0.06219 ,0.06174
0.73977 ,0.00044 ,0.06220 ,0.06173
0.73407 ,0.00046 ,0.06220 ,0.06172
0.71657 ,0.00052 ,0.06221 ,0.06172
0.69380 ,0.00060 ,0.06221 ,0.06171
0.67263 ,0.00069 ,0.06222 ,0.06171
0.66884 ,0.00071 ,0.06222 ,0.06171
0.65324 ,0.00078 ,0.06223 ,0.06170
0.64831 ,0.00080 ,0.06223 ,0.06170
0.63112 ,0.00090 ,0.06223 ,0.06169
0.60882 ,0.00103 ,0.06224 ,0.06169
0.58880 ,0.00116 ,0.06224 ,0.06168
0.56927 ,0.00131 ,0.06224 ,0.06168
0.56593 ,0.00133 ,0.06225 ,0.06168
0.55106 ,0.00146 ,0.06225 ,0.06168
0.54707 ,0.00149 ,0.06225 ,0.06167
0.53147 ,0.00164 ,0.06226 ,0.06167
0.52748 ,0.00168 ,0.06226 ,0.06167
0.52676 ,0.00169 ,0.06226 ,0.06167
0.51344 ,0.00183 ,0.06226 ,0.06166
0.49327 ,0.00206 ,0.06227 ,0.06166
0.49126 ,0.00209 ,0.06227 ,0.06165
0.49122 ,0.00209 ,0.06227 ,0.06165
0.47880 ,0.00225 ,0.06228 ,0.06165
0.47594 ,0.00229 ,0.06228 ,0.06164
0.46230 ,0.00248 ,0.06229 ,0.06164
0.45934 ,0.00253 ,0.06229 ,0.06164
0.44671 ,0.00273 ,0.06229 ,0.06163
0.44395 ,0.00277 ,0.06230 ,0.06163
0.43180 ,0.00299 ,0.06230 ,0.06163
0.42925 ,0.00303 ,0.06230 ,0.06162
0.41757 ,0.00326 ,0.06231 ,0.06162
0.40011 ,0.00363 ,0.06231 ,0.06161
0.39951 ,0.00364 ,0.06231 ,0.06161
0.38899 ,0.00389 ,0.06232 ,0.06161
0.38712 ,0.00393 ,0.06232 ,0.06161
0.38846 ,0.00390 ,0.06232 ,0.06160
0.39058 ,0.00385 ,0.06232 ,0.06160
0.38142 ,0.00408 ,0.06232 ,0.06160
0.36531 ,0.00451 ,0.06233 ,0.06160
0.36529 ,0.00451 ,0.06233 ,0.06160
0.35587 ,0.00479 ,0.06233 ,0.06160
0.35457 ,0.00483 ,0.06233 ,0.06160
0.34517 ,0.00513 ,0.06233 ,0.06160
0.34383 ,0.00518 ,0.06233 ,0.06160
0.33511 ,0.00548 ,0.06233 ,0.06160
0.33388 ,0.00552 ,0.06233 ,0.06160
0.32552 ,0.00583 ,0.06233 ,0.06160
0.32444 ,0.00587 ,0.06233 ,0.06160
0.32705 ,0.00577 ,0.06233 ,0.06160
0.31984 ,0.00605 ,0.06233 ,0.06160
0.31924 ,0.00608 ,0.06233 ,0.06160
0.32181 ,0.00598 ,0.06233 ,0.06160
0.31476 ,0.00626 ,0.06233 ,0.06160
0.31438 ,0.00628 ,0.06233 ,0.06160
0.31714 ,0.00616 ,0.06233 ,0.06160
0.31037 ,0.00645 ,0.06233 ,0.06160
0.32469 ,0.00586 ,0.06233 ,0.06160
0.31782 ,0.00614 ,0.06233 ,0.06160
0.31746 ,0.00615 ,0.06233 ,0.06160
0.32092 ,0.00601 ,0.06233 ,0.06159
0.31455 ,0.00627 ,0.06233 ,0.06159
0.31486 ,0.00626 ,0.06233 ,0.06159
0.31800 ,0.00613 ,0.06233 ,0.06159
0.32195 ,0.00597 ,0.06234 ,0.06159
0.32621 ,0.00580 ,0.06234 ,0.06159
0.32028 ,0.00604 ,0.06234 ,0.06159
0.32105 ,0.00601 ,0.06234 ,0.06159
0.32437 ,0.00588 ,0.06234 ,0.06158
0.32858 ,0.00571 ,0.06235 ,0.06158
0.33313 ,0.00555 ,0.06235 ,0.06158
0.32742 ,0.00576 ,0.06235 ,0.06158
0.32859 ,0.00571 ,0.06235 ,0.06158
0.33209 ,0.00559 ,0.06235 ,0.06158
0.33657 ,0.00542 ,0.06235 ,0.06158
0.33094 ,0.00563 ,0.06235 ,0.06158
0.34736 ,0.00506 ,0.06235 ,0.06158
0.34046 ,0.00529 ,0.06235 ,0.06158
0.34143 ,0.00526 ,0.06234 ,0.06158
0.34596 ,0.00510 ,0.06234 ,0.06158
0.35103 ,0.00494 ,0.06234 ,0.06158
0.35631 ,0.00478 ,0.06234 ,0.06158
0.35119 ,0.00494 ,0.06234 ,0.06159
0.35312 ,0.00488 ,0.06234 ,0.06159
0.35693 ,0.00476 ,0.06234 ,0.06159
0.36195 ,0.00461 ,0.06233 ,0.06159
0.36741 ,0.00445 ,0.06233 ,0.06160
0.37306 ,0.00430 ,0.06233 ,0.06160
0.37881 ,0.00414 ,0.06232 ,0.06160
0.38465 ,0.00399 ,0.06232 ,0.06161
0.39055 ,0.00385 ,0.06232 ,0.06161
0.39652 ,0.00371 ,0.06231 ,0.06161
0.40255 ,0.00357 ,0.06231 ,0.06162
0.39827 ,0.00367 ,0.06230 ,0.06162
0.40075 ,0.00361 ,0.06230 ,0.06162
0.40464 ,0.00353 ,0.06230 ,0.06163
0.41010 ,0.00341 ,0.06229 ,0.06163
0.40569 ,0.00350 ,0.06229 ,0.06163
0.42482 ,0.00312 ,0.06229 ,0.06163
0.44306 ,0.00279 ,0.06229 ,0.06164
0.44210 ,0.00281 ,0.06228 ,0.06164
0.44415 ,0.00277 ,0.06228 ,0.06164
0.44918 ,0.00269 ,0.06228 ,0.06165
0.45527 ,0.00259 ,0.06228 ,0.06165
0.46176 ,0.00249 ,0.06227 ,0.06165
0.46842 ,0.00239 ,0.06227 ,0.06166
0.47515 ,0.00230 ,0.06226 ,0.06166
0.48194 ,0.00221 ,0.06226 ,0.06166
0.48878 ,0.00212 ,0.06226 ,0.06167
0.49566 ,0.00203 ,0.06226 ,0.06167
0.50257 ,0.00195 ,0.06225 ,0.06167
0.50951 ,0.00187 ,0.06225 ,0.06168
0.51649 ,0.00179 ,0.06224 ,0.06168
0.52350 ,0.00172 ,0.06224 ,0.06169
0.53054 ,0.00165 ,0.06223 ,0.06169
0.53760 ,0.00158 ,0.06223 ,0.06169
0.56278 ,0.00136 ,0.06223 ,0.06170
0.57057 ,0.00130 ,0.06223 ,0.06170
0.57782 ,0.00124 ,0.06222 ,0.06170
0.58497 ,0.00119 ,0.06222 ,0.06171
0.59208 ,0.00114 ,0.06222 ,0.06171
0.59236 ,0.00114 ,0.06221 ,0.06171
0.61235 ,0.00101 ,0.06221 ,0.06171
0.63394 ,0.00088 ,0.06221 ,0.06172
0.62860 ,0.00091 ,0.06221 ,0.06172
0.63103 ,0.00090 ,0.06220 ,0.06172
0.63585 ,0.00087 ,0.06220 ,0.06172
0.64213 ,0.00084 ,0.06220 ,0.06172
0.66705 ,0.00072 ,0.06221 ,0.06172
0.67445 ,0.00068 ,0.06221 ,0.06172
0.68149 ,0.00065 ,0.06221 ,0.06171
0.68244 ,0.00065 ,0.06222 ,0.06171
0.70143 ,0.00057 ,0.06222 ,0.06171
0.70424 ,0.00056 ,0.06222 ,0.06170
0.70968 ,0.00054 ,0.06222 ,0.06170
0.71595 ,0.00052 ,0.06223 ,0.06170
0.73992 ,0.00044 ,0.06223 ,0.06169
0.73777 ,0.00045 ,0.06224 ,0.06169
0.75694 ,0.00039 ,0.06224 ,0.06168
0.75034 ,0.00041 ,0.06225 ,0.06167
0.75213 ,0.00041 ,0.06226 ,0.06167
0.75637 ,0.00040 ,0.06226 ,0.06166
0.76200 ,0.00038 ,0.06227 ,0.06166
0.76809 ,0.00036 ,0.06227 ,0.06165
0.77430 ,0.00035 ,0.06228 ,0.06164
0.79687 ,0.00030 ,0.06229 ,0.06164
0.80327 ,0.00028 ,0.06229 ,0.06163
0.80932 ,0.00027 ,0.06230 ,0.06162
0.81521 ,0.00026 ,0.06231 ,0.06162
0.82099 ,0.00025 ,0.06231 ,0.06161
0.82669 ,0.00023 ,0.06232 ,0.06160
0.83230 ,0.00022 ,0.06233 ,0.06160
0.85259 ,0.00019 ,0.06233 ,0.06159
0.85193 ,0.00019 ,0.06234 ,0.06159
0.85290 ,0.00019 ,0.06234 ,0.06159
0.85546 ,0.00018 ,0.06235 ,0.06157
0.85967 ,0.00018 ,0.06236 ,0.06157
0.86444 ,0.00017 ,0.06236 ,0.06156
0.86934 ,0.00016 ,0.06237 ,0.06156
0.90041 ,0.00012 ,0.06237 ,0.06156
0.88432 ,0.00014 ,0.06237 ,0.06155
0.89769 ,0.00012 ,0.06238 ,0.06155
0.91268 ,0.00011 ,0.06238 ,0.06154
0.91110 ,0.00011 ,0.06238 ,0.06154
0.91200 ,0.00011 ,0.06239 ,0.06154
0.91489 ,0.00010 ,0.06239 ,0.06154
0.92953 ,0.00009 ,0.06239 ,0.06153
0.92947 ,0.00009 ,0.06240 ,0.06152
0.93990 ,0.00008 ,0.06241 ,0.06152
0.93711 ,0.00008 ,0.06241 ,0.06152
0.94659 ,0.00007 ,0.06241 ,0.06151
0.94796 ,0.00007 ,0.06241 ,0.06151
0.95043 ,0.00007 ,0.06242 ,0.06151
0.95321 ,0.00006 ,0.06242 ,0.06151
0.95604 ,0.00006 ,0.06242 ,0.06150
0.95882 ,0.00006 ,0.06242 ,0.06150
0.96923 ,0.00005 ,0.06243 ,0.06150
0.97179 ,0.00005 ,0.06243 ,0.06150
0.97255 ,0.00005 ,0.06243 ,0.06149
0.97858 ,0.00004 ,0.06244 ,0.06149
0.97912 ,0.00004 ,0.06244 ,0.06149
0.97879 ,0.00004 ,0.06244 ,0.06148
0.97819 ,0.00004 ,0.06245 ,0.06148
0.98434 ,0.00004 ,0.06245 ,0.06148
0.98562 ,0.00003 ,0.06245 ,0.06147
0.98584 ,0.00003 ,0.06246 ,0.06147
0.99001 ,0.00003 ,0.06246 ,0.06147
0.99035 ,0.00003 ,0.06246 ,0.06146
0.99124 ,0.00003 ,0.06247 ,0.06146
0.99134 ,0.00003 ,0.06247 ,0.06146
0.99449 ,0.00003 ,0.06247 ,0.06145
0.99473 ,0.00003 ,0.06248 ,0.06145
0.99535 ,0.00002 ,0.06248 ,0.06145
0.99608 ,0.00002 ,0.06248 ,0.06144
0.99678 ,0.00002 ,0.06249 ,0.06144
0.99743 ,0.00002 ,0.06249 ,0.06144
0.99801 ,0.00002 ,0.06250 ,0.06143
0.99851 ,0.00002 ,0.06250 ,0.06143
0.99861 ,0.00002 ,0.06251 ,0.06142
0.99965 ,0.00002 ,0.06251 ,0.06142
0.99933 ,0.00002 ,0.06251 ,0.06142
0.99915 ,0.00002 ,0.06252 ,0.06141
0.99919 ,0.00002 ,0.06252 ,0.06140
0.99939 ,0.00002 ,0.06253 ,0.06140
0.99961 ,0.00002 ,0.06253 ,0.06140
0.99979 ,0.00002 ,0.06253 ,0.06140
0.99985 ,0.00001 ,0.06254 ,0.06139
0.99978 ,0.00001 ,0.06254 ,0.06139
0.99987 ,0.00001 ,0.06255 ,0.06138
0.99988 ,0.00001 ,0.06255 ,0.06138
0.99980 ,0.00001 ,0.06255 ,0.06138
0.99966 ,0.00001 ,0.06256 ,0.06137
0.99946 ,0.00001 ,0.06256 ,0.06137
0.99920 ,0.00001 ,0.06257 ,0.06136
0.99889 ,0.00001 ,0.06257 ,0.06136
0.99853 ,0.00001 ,0.06258 ,0.06135
0.99813 ,0.00001 ,0.06258 ,0.06135
0.99768 ,0.00001 ,0.06258 ,0.06135
0.99720 ,0.00001 ,0.06259 ,0.06134
0.99668 ,0.00001 ,0.06259 ,0.06134
0.99612 ,0.00001 ,0.06259 ,0.06133
0.99553 ,0.00001 ,0.06260 ,0.06133
0.99492 ,0.00001 ,0.06260 ,0.06133
0.99427 ,0.00001 ,0.06260 ,0.06133
0.99359 ,0.00001 ,0.06261 ,0.06132
0.99290 ,0.00001 ,0.06261 ,0.06132
0.99295 ,0.00001 ,0.06261 ,0.06132
0.99375 ,0.00001 ,0.06262 ,0.06131
0.99402 ,0.00001 ,0.06262 ,0.06131
0.99376 ,0.00001 ,0.06263 ,0.06130
0.99328 ,0.00001 ,0.06263 ,0.06130
0.99349 ,0.00001 ,0.06263 ,0.06130
0.99432 ,0.00001 ,0.06264 ,0.06129
0.99462 ,0.00001 ,0.06264 ,0.06129
0.99532 ,0.00001 ,0.06264 ,0.06129
0.99605 ,0.00001 ,0.06264 ,0.06129
0.99630 ,0.00001 ,0.06265 ,0.06128
0.99615 ,0.00001 ,0.06265 ,0.06128
0.99649 ,0.00001 ,0.06265 ,0.06128
0.99714 ,0.00001 ,0.06265 ,0.06128
0.99739 ,0.00001 ,0.06266 ,0.06127
0.99792 ,0.00001 ,0.06266 ,0.06127
0.99843 ,0.00001 ,0.06266 ,0.06127
0.99658 ,0.00001 ,0.06266 ,0.06127
0.99948 ,0.00001 ,0.06267 ,0.06126
0.99838 ,0.00001 ,0.06267 ,0.06126
0.99908 ,0.00001 ,0.06267 ,0.06126
0.99928 ,0.00001 ,0.06267 ,0.06126
0.99931 ,0.00001 ,0.06268 ,0.06125
0.99954 ,0.00001 ,0.06268 ,0.06125
0.99977 ,0.00001 ,0.06268 ,0.06125
0.99986 ,0.00001 ,0.06268 ,0.06125
0.99997 ,0.00001 ,0.06268 ,0.06125
1.00000 ,0.00002 ,0.06268 ,0.06125
0.99998 ,0.00002 ,0.06268 ,0.06125
0.99998 ,0.00002 ,0.06268 ,0.06125
0.99999 ,0.00002 ,0.06268 ,0.06125
0.99994 ,0.00002 ,0.06268 ,0.06125
0.99978 ,0.00002 ,0.06268 ,0.06125
0.99840 ,0.00002 ,0.06268 ,0.06125
0.99959 ,0.00002 ,0.06268 ,0.06125
0.99930 ,0.00002 ,0.06268 ,0.06125
0.99706 ,0.00002 ,0.06268 ,0.06125
0.99656 ,0.00002 ,0.06268 ,0.06125
0.99553 ,0.00002 ,0.06269 ,0.06124
0.99720 ,0.00002 ,0.06269 ,0.06124
0.99578 ,0.00002 ,0.06269 ,0.06124
0.99115 ,0.00003 ,0.06269 ,0.06124
0.99397 ,0.00003 ,0.06269 ,0.06124
0.99223 ,0.00003 ,0.06269 ,0.06124
0.99106 ,0.00003 ,0.06269 ,0.06124
0.98578 ,0.00003 ,0.06269 ,0.06124
0.98527 ,0.00003 ,0.06269 ,0.06124
0.98348 ,0.00004 ,0.06269 ,0.06124
0.98142 ,0.00004 ,0.06270 ,0.06123
0.98003 ,0.00004 ,0.06270 ,0.06123
0.97734 ,0.00004 ,0.06270 ,0.06123
0.96775 ,0.00005 ,0.06270 ,0.06123
0.96570 ,0.00005 ,0.06270 ,0.06123
0.96194 ,0.00006 ,0.06270 ,0.06123
0.95873 ,0.00006 ,0.06270 ,0.06123
0.95659 ,0.00006 ,0.06270 ,0.06123
0.95563 ,0.00006 ,0.06270 ,0.06123
0.95508 ,0.00006 ,0.06270 ,0.06123
0.95174 ,0.00006 ,0.06270 ,0.06123
0.93835 ,0.00008 ,0.06270 ,0.06123
0.92461 ,0.00009 ,0.06270 ,0.06123
0.93346 ,0.00008 ,0.06269 ,0.06124
0.92663 ,0.00009 ,0.06269 ,0.06124
0.91182 ,0.00011 ,0.06269 ,0.06124
0.90891 ,0.00011 ,0.06269 ,0.06124
0.90254 ,0.00012 ,0.06269 ,0.06124
0.89739 ,0.00012 ,0.06269 ,0.06124
0.88063 ,0.00015 ,0.06268 ,0.06125
0.86464 ,0.00017 ,0.06268 ,0.06125
0.86216 ,0.00017 ,0.06268 ,0.06125
0.86049 ,0.00018 ,0.06268 ,0.06125
0.85897 ,0.00018 ,0.06268 ,0.06125
0.85169 ,0.00019 ,0.06267 ,0.06126
0.84573 ,0.00020 ,0.06267 ,0.06126
0.84069 ,0.00021 ,0.06267 ,0.06126
0.82956 ,0.00023 ,0.06267 ,0.06126
0.80784 ,0.00027 ,0.06267 ,0.06126
0.81845 ,0.00025 ,0.06267 ,0.06126
0.80451 ,0.00028 ,0.06267 ,0.06126
0.78276 ,0.00033 ,0.06266 ,0.06126
0.77797 ,0.00034 ,0.06266 ,0.06126
0.76458 ,0.00037 ,0.06266 ,0.06127
0.77463 ,0.00035 ,0.06266 ,0.06127
0.75699 ,0.00039 ,0.06266 ,0.06127
0.74999 ,0.00041 ,0.06265 ,0.06128
0.73351 ,0.00046 ,0.06265 ,0.06128
0.70941 ,0.00054 ,0.06265 ,0.06128
0.70344 ,0.00057 ,0.06265 ,0.06128
0.69913 ,0.00058 ,0.06264 ,0.06129
0.68328 ,0.00064 ,0.06264 ,0.06129
0.67582 ,0.00068 ,0.06264 ,0.06129
0.65618 ,0.00077 ,0.06263 ,0.06129
0.64791 ,0.00081 ,0.06263 ,0.06130
0.62875 ,0.00091 ,0.06263 ,0.06130
0.62024 ,0.00096 ,0.06263 ,0.06130
0.61475 ,0.00099 ,0.06262 ,0.06131
0.60991 ,0.00102 ,0.06262 ,0.06131
0.59209 ,0.00114 ,0.06262 ,0.06131
0.58328 ,0.00120 ,0.06262 ,0.06131
0.57701 ,0.00125 ,0.06261 ,0.06132
0.55842 ,0.00139 ,0.06261 ,0.06132
0.53230 ,0.00163 ,0.06261 ,0.06132
0.52418 ,0.00171 ,0.06261 ,0.06132
0.51822 ,0.00177 ,0.06260 ,0.06133
0.50052 ,0.00197 ,0.06260 ,0.06133
0.48962 ,0.00211 ,0.06260 ,0.06133
0.48322 ,0.00219 ,0.06260 ,0.06133
0.47734 ,0.00227 ,0.06260 ,0.06133
0.47150 ,0.00235 ,0.06260 ,0.06133
0.45494 ,0.00260 ,0.06259 ,0.06134
0.44361 ,0.00278 ,0.06259 ,0.06134
0.42500 ,0.00311 ,0.06259 ,0.06134
0.41364 ,0.00334 ,0.06258 ,0.06134
0.40608 ,0.00350 ,0.06258 ,0.06135
0.38948 ,0.00388 ,0.06258 ,0.06135
0.37802 ,0.00416 ,0.06258 ,0.06135
0.37041 ,0.00437 ,0.06258 ,0.06135
0.35300 ,0.00488 ,0.06257 ,0.06135
0.34250 ,0.00522 ,0.06257 ,0.06136
0.33518 ,0.00547 ,0.06257 ,0.06136
0.32873 ,0.00571 ,0.06257 ,0.06136
0.32236 ,0.00595 ,0.06257 ,0.06136
0.30323 ,0.00676 ,0.06256 ,0.06137
0.30756 ,0.00657 ,0.06256 ,0.06137
0.30595 ,0.00664 ,0.06256 ,0.06137
0.28591 ,0.00761 ,0.06256 ,0.06137
0.27595 ,0.00816 ,0.06256 ,0.06137
0.26889 ,0.00857 ,0.06255 ,0.06137
0.26248 ,0.00897 ,0.06255 ,0.06138
0.25608 ,0.00940 ,0.06255 ,0.06138
0.24963 ,0.00985 ,0.06255 ,0.06138
0.24316 ,0.01033 ,0.06255 ,0.06138
0.23669 ,0.01084 ,0.06254 ,0.06139
0.21628 ,0.01267 ,0.06254 ,0.06139
0.22063 ,0.01225 ,0.06253 ,0.06140
0.20411 ,0.01395 ,0.06253 ,0.06140
0.19809 ,0.01465 ,0.06252 ,0.06140
0.19377 ,0.01517 ,0.06252 ,0.06141
0.18612 ,0.01617 ,0.06252 ,0.06141
0.18079 ,0.01692 ,0.06252 ,0.06141
0.17502 ,0.01778 ,0.06251 ,0.06141
0.15637 ,0.02101 ,0.06251 ,0.06142
0.15968 ,0.02038 ,0.06251 ,0.06142
0.15738 ,0.02082 ,0.06251 ,0.06142
0.15065 ,0.02216 ,0.06250 ,0.06142
0.13379 ,0.02611 ,0.06250 ,0.06143
0.13675 ,0.02535 ,0.06250 ,0.06143
0.13481 ,0.02584 ,0.06250 ,0.06143
0.12859 ,0.02753 ,0.06249 ,0.06143
0.12416 ,0.02883 ,0.06249 ,0.06144
0.12416 ,0.02883 ,0.06249 ,0.06144
0.12141 ,0.02968 ,0.06248 ,0.06145
0.11577 ,0.03154 ,0.06248 ,0.06145
0.11576 ,0.03154 ,0.06247 ,0.06146
0.11316 ,0.03246 ,0.06247 ,0.06146
0.10770 ,0.03451 ,0.06246 ,0.06146
0.10730 ,0.03467 ,0.06246 ,0.06147
0.10441 ,0.03585 ,0.06246 ,0.06147
0.09915 ,0.03814 ,0.06245 ,0.06147
0.09376 ,0.04073 ,0.06245 ,0.06148
0.08874 ,0.04340 ,0.06244 ,0.06148
0.08834 ,0.04362 ,0.06244 ,0.06149
0.08473 ,0.04572 ,0.06244 ,0.06149
0.07998 ,0.04873 ,0.06243 ,0.06149
0.07527 ,0.05204 ,0.06243 ,0.06150
0.07057 ,0.05571 ,0.06243 ,0.06150
0.06610 ,0.05959 ,0.06242 ,0.06150
0.06605 ,0.05964 ,0.06242 ,0.06150
0.06237 ,0.06318 ,0.06242 ,0.06151
0.06256 ,0.06299 ,0.06242 ,0.06151
0.05886 ,0.06691 ,0.06241 ,0.06151
0.05915 ,0.06659 ,0.06241 ,0.06152
0.05065 ,0.07719 ,0.06240 ,0.06152
0.05165 ,0.07580 ,0.06240 ,0.06153
0.04761 ,0.08169 ,0.06240 ,0.06153
0.04827 ,0.08068 ,0.06239 ,0.06153
0.04453 ,0.08675 ,0.06239 ,0.06154
0.04115 ,0.09294 ,0.06239 ,0.06154
0.03801 ,0.09945 ,0.06238 ,0.06154
0.03501 ,0.10645 ,0.06238 ,0.06155
0.03559 ,0.10503 ,0.06238 ,0.06155
0.03229 ,0.11363 ,0.06238 ,0.06155
0.03292 ,0.11189 ,0.06237 ,0.06155
0.02967 ,0.12144 ,0.06237 ,0.06155
0.03028 ,0.11952 ,0.06237 ,0.06156
0.02713 ,0.13002 ,0.06237 ,0.06156
0.02773 ,0.12790 ,0.06237 ,0.06156
0.02469 ,0.13941 ,0.06236 ,0.06156
0.02237 ,0.14966 ,0.06236 ,0.06157
0.02300 ,0.14673 ,0.06236 ,0.06157
0.02304 ,0.14653 ,0.06236 ,0.06157
0.02024 ,0.16043 ,0.06236 ,0.06157
0.01814 ,0.17274 ,0.06235 ,0.06157
0.01866 ,0.16949 ,0.06235 ,0.06157
0.01631 ,0.18514 ,0.06235 ,0.06157
0.01663 ,0.18281 ,0.06235 ,0.06158
0.01447 ,0.19961 ,0.06235 ,0.06158
0.01470 ,0.19764 ,0.06235 ,0.06158
0.01281 ,0.21484 ,0.06235 ,0.06158
0.01287 ,0.21427 ,0.06234 ,0.06158
0.01253 ,0.21765 ,0.06234 ,0.06158
0.01098 ,0.23497 ,0.06234 ,0.06158
0.01097 ,0.23504 ,0.06234 ,0.06158
0.01059 ,0.23976 ,0.06234 ,0.06158
0.00928 ,0.25776 ,0.06234 ,0.06158
0.00926 ,0.25812 ,0.06234 ,0.06158
0.00886 ,0.26429 ,0.06234 ,0.06158
0.00864 ,0.26776 ,0.06234 ,0.06158
0.00755 ,0.28710 ,0.06234 ,0.06158
0.00751 ,0.28794 ,0.06234 ,0.06159
0.00711 ,0.29588 ,0.06234 ,0.06159
0.00687 ,0.30092 ,0.06234 ,0.06159
0.00665 ,0.30586 ,0.06233 ,0.06159
0.00641 ,0.31114 ,0.06233 ,0.06159
0.00618 ,0.31670 ,0.06233 ,0.06159
0.00595 ,0.32251 ,0.06233 ,0.06159
0.00572 ,0.32857 ,0.06233 ,0.06159
0.00548 ,0.33488 ,0.06233 ,0.06159
0.00526 ,0.34146 ,0.06233 ,0.06159
0.00503 ,0.34829 ,0.06233 ,0.06160
0.00480 ,0.35539 ,0.06233 ,0.06160
0.00458 ,0.36277 ,0.06233 ,0.06160
0.00437 ,0.37043 ,0.06233 ,0.06160
0.00415 ,0.37837 ,0.06233 ,0.06160
0.00395 ,0.38660 ,0.06232 ,0.06160
0.00374 ,0.39513 ,0.06232 ,0.06160
0.00354 ,0.40395 ,0.06232 ,0.06161
0.00390 ,0.38858 ,0.06232 ,0.06161
0.00356 ,0.40314 ,0.06231 ,0.06161
0.00334 ,0.41365 ,0.06231 ,0.06162
0.00313 ,0.42390 ,0.06231 ,0.06162
0.00345 ,0.40821 ,0.06230 ,0.06162
0.00312 ,0.42450 ,0.06230 ,0.06162
0.00290 ,0.43656 ,0.06230 ,0.06163
0.00270 ,0.44817 ,0.06229 ,0.06163
0.00296 ,0.43300 ,0.06229 ,0.06163
0.00266 ,0.45062 ,0.06229 ,0.06164
0.00287 ,0.43827 ,0.06228 ,0.06164
0.00259 ,0.45543 ,0.06228 ,0.06165
0.00237 ,0.46988 ,0.06227 ,0.06165
0.00255 ,0.45798 ,0.06227 ,0.06166
0.00229 ,0.47551 ,0.06227 ,0.06166
0.00209 ,0.49069 ,0.06226 ,0.06167
0.00223 ,0.48019 ,0.06225 ,0.06167
0.00225 ,0.47876 ,0.06225 ,0.06168
0.00205 ,0.49451 ,0.06224 ,0.06168
0.00216 ,0.48575 ,0.06224 ,0.06169
0.00193 ,0.50437 ,0.06223 ,0.06169
0.00202 ,0.49697 ,0.06223 ,0.06170
0.00179 ,0.51714 ,0.06222 ,0.06170
0.00187 ,0.50911 ,0.06222 ,0.06170
0.00186 ,0.51043 ,0.06221 ,0.06171
0.00168 ,0.52742 ,0.06221 ,0.06171
0.00176 ,0.51967 ,0.06220 ,0.06172
0.00154 ,0.54136 ,0.06220 ,0.06172
0.00160 ,0.53504 ,0.06219 ,0.06173
0.00157 ,0.53874 ,0.06219 ,0.06174
0.00141 ,0.55658 ,0.06218 ,0.06174
0.00148 ,0.54901 ,0.06218 ,0.06175
0.00143 ,0.55364 ,0.06217 ,0.06175
0.00143 ,0.55441 ,0.06217 ,0.06175
0.00128 ,0.57318 ,0.06217 ,0.06175
0.00133 ,0.56591 ,0.06216 ,0.06176
0.00129 ,0.57180 ,0.06216 ,0.06176
0.00113 ,0.59273 ,0.06215 ,0.06177
0.00118 ,0.58676 ,0.06215 ,0.06177
0.00113 ,0.59342 ,0.06215 ,0.06177
0.00110 ,0.59693 ,0.06215 ,0.06177
0.00109 ,0.59935 ,0.06215 ,0.06177
0.00107 ,0.60157 ,0.06215 ,0.06178
0.00106 ,0.60392 ,0.06215 ,0.06178
0.00104 ,0.60652 ,0.06214 ,0.06178
0.00102 ,0.60940 ,0.06214 ,0.06179
0.00100 ,0.61256 ,0.06213 ,0.06179
0.00098 ,0.61602 ,0.06213 ,0.06179
0.00096 ,0.61976 ,0.06212 ,0.06180
0.00111 ,0.59635 ,0.06212 ,0.06180
0.00104 ,0.60667 ,0.06211 ,0.06181
0.00100 ,0.61258 ,0.06211 ,0.06182
0.00097 ,0.61803 ,0.06210 ,0.06182
0.00094 ,0.62348 ,0.06209 ,0.06183
0.00091 ,0.62909 ,0.06209 ,0.06184
0.00103 ,0.60803 ,0.06208 ,0.06184
0.00096 ,0.61972 ,0.06208 ,0.06184
0.00092 ,0.62737 ,0.06207 ,0.06185
0.00103 ,0.60883 ,0.06207 ,0.06185
0.00096 ,0.62014 ,0.06206 ,0.06187
0.00105 ,0.60453 ,0.06206 ,0.06187
0.00111 ,0.59562 ,0.06205 ,0.06187
0.00105 ,0.60541 ,0.06204 ,0.06189
0.00099 ,0.61469 ,0.06203 ,0.06189
0.00109 ,0.59921 ,0.06202 ,0.06190
0.00100 ,0.61254 ,0.06202 ,0.06191
0.00109 ,0.59842 ,0.06201 ,0.06191
0.00101 ,0.61217 ,0.06200 ,0.06192
0.00109 ,0.59887 ,0.06199 ,0.06193
0.00100 ,0.61304 ,0.06199 ,0.06194
0.00108 ,0.60050 ,0.06198 ,0.06194
0.00099 ,0.61512 ,0.06197 ,0.06195
0.00106 ,0.60332 ,0.06197 ,0.06196
0.00108 ,0.60031 ,0.06196 ,0.06196
0.00101 ,0.61161 ,0.06195 ,0.06197
0.00109 ,0.59954 ,0.06195 ,0.06198
0.00110 ,0.59726 ,0.06194 ,0.06198
0.00114 ,0.59125 ,0.06193 ,0.06199
0.00106 ,0.60393 ,0.06193 ,0.06200
0.00113 ,0.59309 ,0.06192 ,0.06200
0.00114 ,0.59189 ,0.06192 ,0.06201
0.00117 ,0.58771 ,0.06191 ,0.06201
0.00107 ,0.60159 ,0.06191 ,0.06202
0.00114 ,0.59168 ,0.06190 ,0.06202
0.00114 ,0.59169 ,0.06189 ,0.06203
0.00116 ,0.58914 ,0.06189 ,0.06203
0.00118 ,0.58592 ,0.06188 ,0.06204
0.00120 ,0.58274 ,0.06188 ,0.06204
0.00123 ,0.57979 ,0.06187 ,0.06205
0.00111 ,0.59548 ,0.06187 ,0.06205
0.00117 ,0.58704 ,0.06187 ,0.06206
0.00116 ,0.58938 ,0.06186 ,0.06206
0.00116 ,0.58942 ,0.06186 ,0.06206
0.00116 ,0.58865 ,0.06186 ,0.06207
0.00117 ,0.58778 ,0.06185 ,0.06207
0.00117 ,0.58710 ,0.06185 ,0.06207
0.00135 ,0.56335 ,0.06185 ,0.06208
0.00133 ,0.56679 ,0.06184 ,0.06208
0.00132 ,0.56737 ,0.06184 ,0.06208
0.00132 ,0.56809 ,0.06184 ,0.06209
0.00131 ,0.56904 ,0.06183 ,0.06209
0.00130 ,0.57029 ,0.06183 ,0.06209
0.00148 ,0.54793 ,0.06183 ,0.06210
0.00144 ,0.55361 ,0.06182 ,0.06210
0.00141 ,0.55640 ,0.06182 ,0.06210
0.00139 ,0.55918 ,0.06182 ,0.06211
0.00158 ,0.53803 ,0.06182 ,0.06211
0.00151 ,0.54507 ,0.06181 ,0.06211
0.00147 ,0.54933 ,0.06181 ,0.06212
0.00166 ,0.52957 ,0.06180 ,0.06212
0.00158 ,0.53748 ,0.06180 ,0.06212
0.00153 ,0.54278 ,0.06180 ,0.06213
0.00171 ,0.52441 ,0.06180 ,0.06213
0.00162 ,0.53304 ,0.06179 ,0.06213
0.00156 ,0.53928 ,0.06179 ,0.06213
0.00173 ,0.52254 ,0.06179 ,0.06213
0.00185 ,0.51160 ,0.06179 ,0.06213
0.00176 ,0.51926 ,0.06179 ,0.06213
0.00169 ,0.52667 ,0.06179 ,0.06213
0.00184 ,0.51206 ,0.06179 ,0.06213
0.00173 ,0.52211 ,0.06179 ,0.06213
0.00188 ,0.50878 ,0.06179 ,0.06213
0.00176 ,0.51924 ,0.06179 ,0.06213
0.00190 ,0.50673 ,0.06179 ,0.06213
0.00199 ,0.49910 ,0.06179 ,0.06213
0.00189 ,0.50814 ,0.06179 ,0.06213
0.00202 ,0.49646 ,0.06179 ,0.06213
0.00209 ,0.49065 ,0.06179 ,0.06213
0.00198 ,0.50008 ,0.06179 ,0.06213
0.00211 ,0.48924 ,0.06179 ,0.06213
0.00218 ,0.48419 ,0.06179 ,0.06213
0.00204 ,0.49474 ,0.06179 ,0.06213
0.00217 ,0.48499 ,0.06179 ,0.06213
0.00222 ,0.48073 ,0.06179 ,0.06214
0.00230 ,0.47472 ,0.06179 ,0.06214
0.00239 ,0.46865 ,0.06178 ,0.06214
0.00223 ,0.48035 ,0.06178 ,0.06214
0.00234 ,0.47216 ,0.06178 ,0.06214
0.00238 ,0.46938 ,0.06178 ,0.06214
0.00244 ,0.46528 ,0.06178 ,0.06214
0.00250 ,0.46098 ,0.06178 ,0.06214
0.00257 ,0.45685 ,0.06179 ,0.06214
0.00263 ,0.45303 ,0.06179 ,0.06214
0.00242 ,0.46671 ,0.06179 ,0.06214
0.00251 ,0.46079 ,0.06179 ,0.06214
0.00252 ,0.46010 ,0.06179 ,0.06214
0.00254 ,0.45840 ,0.06179 ,0.06214
0.00257 ,0.45643 ,0.06179 ,0.06213
0.00260 ,0.45458 ,0.06179 ,0.06213
0.00263 ,0.45299 ,0.06179 ,0.06213
0.00265 ,0.45169 ,0.06179 ,0.06213
0.00266 ,0.45071 ,0.06179 ,0.06213
0.00267 ,0.45005 ,0.06179 ,0.06213
0.00301 ,0.43066 ,0.06179 ,0.06213
0.00298 ,0.43199 ,0.06179 ,0.06213
0.00298 ,0.43231 ,0.06179 ,0.06213
0.00297 ,0.43296 ,0.06179 ,0.06213
0.00295 ,0.43392 ,0.06179 ,0.06213
0.00293 ,0.43519 ,0.06179 ,0.06213
0.00325 ,0.41779 ,0.06179 ,0.06213
0.00319 ,0.42111 ,0.06179 ,0.06213
0.00314 ,0.42338 ,0.06179 ,0.06213
