0.00388 ,0.00390 ,0.00389 ,0.00389
0.00387 ,0.00391 ,0.00390 ,0.00388
0.00387 ,0.00391 ,0.00390 ,0.00388
0.00385 ,0.00393 ,0.00390 ,0.00388
0.00381 ,0.00397 ,0.00390 ,0.00388
0.00380 ,0.00398 ,0.00389 ,0.00388
0.00375 ,0.00403 ,0.00390 ,0.00388
0.00372 ,0.00407 ,0.00389 ,0.00389
0.00368 ,0.00411 ,0.00388 ,0.00390
0.00366 ,0.00413 ,0.00386 ,0.00392
0.00362 ,0.00418 ,0.00384 ,0.00393
0.00357 ,0.00424 ,0.00383 ,0.00395
0.00350 ,0.00432 ,0.00382 ,0.00395
0.00347 ,0.00436 ,0.00379 ,0.00398
0.00339 ,0.00446 ,0.00378 ,0.00399
0.00336 ,0.00450 ,0.00375 ,0.00403
0.00328 ,0.00461 ,0.00373 ,0.00404
0.00322 ,0.00468 ,0.00370 ,0.00407
0.00316 ,0.00477 ,0.00367 ,0.00410
0.00310 ,0.00486 ,0.00364 ,0.00414
0.00304 ,0.00495 ,0.00360 ,0.00418
0.00297 ,0.00505 ,0.00356 ,0.00422
0.00291 ,0.00516 ,0.00352 ,0.00427
0.00286 ,0.00523 ,0.00346 ,0.00433
0.00278 ,0.00538 ,0.00342 ,0.00437
0.00272 ,0.00550 ,0.00337 ,0.00443
0.00265 ,0.00562 ,0.00332 ,0.00449
0.00259 ,0.00575 ,0.00327 ,0.00456
0.00252 ,0.00588 ,0.00321 ,0.00463
0.00246 ,0.00602 ,0.00315 ,0.00470
0.00239 ,0.00617 ,0.00309 ,0.00478
0.00233 ,0.00633 ,0.00303 ,0.00486
0.00226 ,0.00649 ,0.00297 ,0.00495
0.00220 ,0.00666 ,0.00290 ,0.00504
0.00213 ,0.00683 ,0.00284 ,0.00513
0.00207 ,0.00702 ,0.00277 ,0.00523
0.00201 ,0.00718 ,0.00270 ,0.00535
0.00194 ,0.00738 ,0.00263 ,0.00547
0.00187 ,0.00762 ,0.00256 ,0.00557
0.00181 ,0.00784 ,0.00249 ,0.00569
0.00175 ,0.00807 ,0.00242 ,0.00582
0.00169 ,0.00827 ,0.00235 ,0.00597
0.00163 ,0.00852 ,0.00228 ,0.00611
0.00157 ,0.00881 ,0.00221 ,0.00625
0.00151 ,0.00908 ,0.00214 ,0.00640
0.00146 ,0.00933 ,0.00207 ,0.00658
0.00140 ,0.00962 ,0.00199 ,0.00675
0.00134 ,0.00993 ,0.00192 ,0.00692
0.00128 ,0.01028 ,0.00186 ,0.00710
0.00123 ,0.01061 ,0.00179 ,0.00729
0.00118 ,0.01095 ,0.00172 ,0.00749
0.00112 ,0.01131 ,0.00165 ,0.00770
0.00108 ,0.01165 ,0.00158 ,0.00793
0.00102 ,0.01207 ,0.00152 ,0.00815
0.00098 ,0.01248 ,0.00145 ,0.00838
0.00093 ,0.01290 ,0.00139 ,0.00863
0.00089 ,0.01334 ,0.00133 ,0.00889
0.00084 ,0.01379 ,0.00127 ,0.00916
0.00080 ,0.01427 ,0.00121 ,0.00944
0.00076 ,0.01476 ,0.00115 ,0.00973
0.00072 ,0.01524 ,0.00109 ,0.01005
0.00068 ,0.01581 ,0.00104 ,0.01035
0.00064 ,0.01636 ,0.00098 ,0.01068
0.00061 ,0.01690 ,0.00093 ,0.01103
0.00057 ,0.01755 ,0.00088 ,0.01137
0.00054 ,0.01814 ,0.00083 ,0.01174
0.00051 ,0.01878 ,0.00078 ,0.01212
0.00048 ,0.01945 ,0.00074 ,0.01252
0.00045 ,0.02013 ,0.00070 ,0.01293
0.00042 ,0.02084 ,0.00065 ,0.01335
0.00039 ,0.02158 ,0.00061 ,0.01379
0.00037 ,0.02234 ,0.00057 ,0.01425
0.00034 ,0.02313 ,0.00054 ,0.01472
0.00032 ,0.02394 ,0.00050 ,0.01521
0.00030 ,0.02478 ,0.00047 ,0.01571
0.00028 ,0.02562 ,0.00044 ,0.01624
0.00026 ,0.02654 ,0.00041 ,0.01677
0.00024 ,0.02746 ,0.00038 ,0.01732
0.00022 ,0.02841 ,0.00035 ,0.01789
0.00020 ,0.02938 ,0.00032 ,0.01848
0.00019 ,0.03038 ,0.00030 ,0.01909
0.00017 ,0.03141 ,0.00028 ,0.01971
0.00016 ,0.03247 ,0.00025 ,0.02035
0.00015 ,0.03355 ,0.00023 ,0.02101
0.00013 ,0.03466 ,0.00022 ,0.02169
0.00012 ,0.03579 ,0.00020 ,0.02238
0.00011 ,0.03695 ,0.00018 ,0.02309
0.00010 ,0.03813 ,0.00017 ,0.02381
0.00009 ,0.03934 ,0.00015 ,0.02455
0.00009 ,0.04057 ,0.00014 ,0.02531
0.00008 ,0.04182 ,0.00012 ,0.02608
0.00007 ,0.04310 ,0.00011 ,0.02687
0.00006 ,0.04439 ,0.00010 ,0.02767
0.00006 ,0.04570 ,0.00009 ,0.02848
0.00005 ,0.04702 ,0.00008 ,0.02930
0.00005 ,0.04836 ,0.00008 ,0.03013
0.00004 ,0.04971 ,0.00007 ,0.03098
0.00004 ,0.05106 ,0.00006 ,0.03183
0.00003 ,0.05243 ,0.00005 ,0.03269
0.00003 ,0.05380 ,0.00005 ,0.03355
0.00003 ,0.05517 ,0.00004 ,0.03441
0.00002 ,0.05653 ,0.00004 ,0.03528
0.00002 ,0.05789 ,0.00003 ,0.03615
0.00002 ,0.05925 ,0.00003 ,0.03702
0.00002 ,0.06059 ,0.00003 ,0.03788
0.00001 ,0.06191 ,0.00002 ,0.03873
0.00001 ,0.06321 ,0.00002 ,0.03958
0.00001 ,0.06448 ,0.00002 ,0.04041
0.00001 ,0.06573 ,0.00002 ,0.04123
0.00001 ,0.06694 ,0.00001 ,0.04203
0.00001 ,0.06811 ,0.00001 ,0.04281
0.00001 ,0.06844 ,0.00001 ,0.04307
0.00001 ,0.06964 ,0.00001 ,0.04387
0.00001 ,0.07071 ,0.00001 ,0.04460
0.00000 ,0.07171 ,0.00001 ,0.04529
0.00000 ,0.07265 ,0.00001 ,0.04594
0.00000 ,0.07351 ,0.00001 ,0.04655
0.00000 ,0.07435 ,0.00000 ,0.04708
0.00000 ,0.07500 ,0.00000 ,0.04762
0.00000 ,0.07520 ,0.00000 ,0.04782
0.00000 ,0.07582 ,0.00000 ,0.04828
0.00000 ,0.07635 ,0.00000 ,0.04862
0.00000 ,0.07665 ,0.00000 ,0.04896
0.00000 ,0.07689 ,0.00000 ,0.04920
0.00000 ,0.07697 ,0.00000 ,0.04925
0.00000 ,0.07698 ,0.00000 ,0.04942
0.00000 ,0.07690 ,0.00000 ,0.04946
0.00000 ,0.07668 ,0.00000 ,0.04940
0.00000 ,0.07650 ,0.00000 ,0.04937
0.00000 ,0.07604 ,0.00000 ,0.04916
0.00000 ,0.07543 ,0.00000 ,0.04885
0.00000 ,0.07466 ,0.00000 ,0.04844
0.00000 ,0.07422 ,0.00000 ,0.04825
0.00000 ,0.07315 ,0.00000 ,0.04764
0.00000 ,0.07193 ,0.00000 ,0.04694
0.00000 ,0.07126 ,0.00000 ,0.04659
0.00000 ,0.06974 ,0.00000 ,0.04569
0.00000 ,0.06807 ,0.00000 ,0.04469
0.00000 ,0.06709 ,0.00000 ,0.04413
0.00000 ,0.06515 ,0.00000 ,0.04295
0.00000 ,0.06409 ,0.00000 ,0.04234
0.00000 ,0.06187 ,0.00000 ,0.04096
0.00000 ,0.05958 ,0.00000 ,0.03944
0.00000 ,0.05808 ,0.00000 ,0.03853
0.00000 ,0.05564 ,0.00000 ,0.03699
0.00000 ,0.05397 ,0.00000 ,0.03604
0.00000 ,0.05143 ,0.00000 ,0.03435
0.00000 ,0.04970 ,0.00000 ,0.03327
0.00000 ,0.04700 ,0.00000 ,0.03154
0.00000 ,0.04520 ,0.00000 ,0.03040
0.00000 ,0.04342 ,0.00000 ,0.02934
0.00000 ,0.04068 ,0.00000 ,0.02755
0.00000 ,0.03888 ,0.00000 ,0.02633
0.00000 ,0.03708 ,0.00000 ,0.02524
0.00000 ,0.03442 ,0.00000 ,0.02343
0.00000 ,0.03260 ,0.00000 ,0.02229
0.00000 ,0.03089 ,0.00000 ,0.02118
0.00000 ,0.02835 ,0.00000 ,0.01948
0.00000 ,0.02666 ,0.00000 ,0.01837
0.00000 ,0.02508 ,0.00000 ,0.01732
0.00000 ,0.02357 ,0.00000 ,0.01628
0.00000 ,0.02207 ,0.00000 ,0.01532
0.00000 ,0.02064 ,0.00000 ,0.01436
0.00000 ,0.01857 ,0.00000 ,0.01295
0.00000 ,0.01722 ,0.00000 ,0.01204
0.00000 ,0.01596 ,0.00000 ,0.01120
0.00000 ,0.01478 ,0.00000 ,0.01039
0.00000 ,0.01365 ,0.00000 ,0.00962
0.00000 ,0.01258 ,0.00000 ,0.00889
0.00000 ,0.01157 ,0.00000 ,0.00820
0.00000 ,0.01061 ,0.00000 ,0.00754
0.00000 ,0.00971 ,0.00000 ,0.00692
0.00000 ,0.00887 ,0.00000 ,0.00634
0.00000 ,0.00808 ,0.00000 ,0.00579
0.00000 ,0.00734 ,0.00000 ,0.00527
0.00000 ,0.00699 ,0.00000 ,0.00503
0.00000 ,0.00634 ,0.00000 ,0.00458
0.00000 ,0.00573 ,0.00000 ,0.00415
0.00000 ,0.00517 ,0.00000 ,0.00374
0.00000 ,0.00489 ,0.00000 ,0.00356
0.00000 ,0.00440 ,0.00000 ,0.00321
0.00000 ,0.00394 ,0.00000 ,0.00288
0.00000 ,0.00352 ,0.00000 ,0.00258
0.00000 ,0.00331 ,0.00000 ,0.00244
0.00000 ,0.00295 ,0.00000 ,0.00218
0.00000 ,0.00278 ,0.00000 ,0.00206
0.00000 ,0.00246 ,0.00000 ,0.00183
0.00000 ,0.00231 ,0.00000 ,0.00172
0.00000 ,0.00204 ,0.00000 ,0.00152
0.00000 ,0.00191 ,0.00000 ,0.00143
0.00000 ,0.00168 ,0.00000 ,0.00126
0.00000 ,0.00157 ,0.00000 ,0.00118
0.00000 ,0.00146 ,0.00000 ,0.00110
0.00000 ,0.00128 ,0.00000 ,0.00097
0.00000 ,0.00119 ,0.00000 ,0.00090
0.00000 ,0.00111 ,0.00000 ,0.00084
0.00000 ,0.00096 ,0.00000 ,0.00073
0.00000 ,0.00089 ,0.00000 ,0.00068
0.00000 ,0.00083 ,0.00000 ,0.00063
0.00000 ,0.00076 ,0.00000 ,0.00059
0.00000 ,0.00071 ,0.00000 ,0.00055
0.00000 ,0.00061 ,0.00000 ,0.00047
0.00000 ,0.00064 ,0.00000 ,0.00050
0.00000 ,0.00053 ,0.00000 ,0.00041
0.00000 ,0.00048 ,0.00000 ,0.00037
0.00000 ,0.00044 ,0.00000 ,0.00034
0.00000 ,0.00040 ,0.00000 ,0.00031
0.00000 ,0.00040 ,0.00000 ,0.00031
0.00000 ,0.00037 ,0.00000 ,0.00029
0.00000 ,0.00034 ,0.00000 ,0.00026
0.00000 ,0.00031 ,0.00000 ,0.00024
0.00000 ,0.00028 ,0.00000 ,0.00022
0.00000 ,0.00028 ,0.00000 ,0.00022
0.00000 ,0.00025 ,0.00000 ,0.00020
0.00000 ,0.00023 ,0.00000 ,0.00019
0.00000 ,0.00021 ,0.00000 ,0.00017
0.00000 ,0.00021 ,0.00000 ,0.00017
0.00000 ,0.00019 ,0.00000 ,0.00015
0.00000 ,0.00017 ,0.00000 ,0.00014
0.00000 ,0.00017 ,0.00000 ,0.00014
0.00000 ,0.00017 ,0.00000 ,0.00014
0.00000 ,0.00015 ,0.00000 ,0.00013
0.00000 ,0.00014 ,0.00000 ,0.00011
0.00000 ,0.00014 ,0.00000 ,0.00011
0.00000 ,0.00014 ,0.00000 ,0.00011
0.00000 ,0.00012 ,0.00000 ,0.00010
0.00000 ,0.00012 ,0.00000 ,0.00010
0.00000 ,0.00012 ,0.00000 ,0.00010
0.00000 ,0.00011 ,0.00000 ,0.00009
0.00000 ,0.00011 ,0.00000 ,0.00009
0.00000 ,0.00011 ,0.00000 ,0.00009
0.00000 ,0.00011 ,0.00000 ,0.00009
0.00000 ,0.00011 ,0.00000 ,0.00009
0.00000 ,0.00010 ,0.00000 ,0.00009
0.00000 ,0.00010 ,0.00000 ,0.00009
0.00000 ,0.00010 ,0.00000 ,0.00009
0.00000 ,0.00010 ,0.00000 ,0.00008
0.00000 ,0.00011 ,0.00000 ,0.00009
0.00000 ,0.00011 ,0.00000 ,0.00009
0.00000 ,0.00011 ,0.00000 ,0.00009
0.00000 ,0.00011 ,0.00000 ,0.00009
0.00000 ,0.00012 ,0.00000 ,0.00010
0.00000 ,0.00013 ,0.00000 ,0.00011
0.00000 ,0.00013 ,0.00000 ,0.00011
0.00000 ,0.00014 ,0.00000 ,0.00012
0.00000 ,0.00014 ,0.00000 ,0.00012
0.00000 ,0.00015 ,0.00000 ,0.00013
0.00000 ,0.00016 ,0.00000 ,0.00014
0.00000 ,0.00018 ,0.00000 ,0.00015
0.00000 ,0.00017 ,0.00000 ,0.00015
0.00000 ,0.00019 ,0.00000 ,0.00016
0.00000 ,0.00020 ,0.00000 ,0.00018
0.00000 ,0.00022 ,0.00000 ,0.00019
0.00000 ,0.00024 ,0.00000 ,0.00021
0.00000 ,0.00026 ,0.00000 ,0.00023
0.00000 ,0.00028 ,0.00000 ,0.00025
0.00000 ,0.00030 ,0.00000 ,0.00027
0.00000 ,0.00033 ,0.00000 ,0.00029
0.00000 ,0.00035 ,0.00000 ,0.00031
0.00000 ,0.00038 ,0.00000 ,0.00033
0.00000 ,0.00041 ,0.00000 ,0.00036
0.00000 ,0.00048 ,0.00000 ,0.00042
0.00000 ,0.00052 ,0.00000 ,0.00045
0.00000 ,0.00055 ,0.00000 ,0.00049
0.00000 ,0.00059 ,0.00000 ,0.00052
0.00000 ,0.00062 ,0.00000 ,0.00055
0.00000 ,0.00066 ,0.00000 ,0.00059
0.00000 ,0.00070 ,0.00000 ,0.00062
0.00000 ,0.00075 ,0.00000 ,0.00066
0.00000 ,0.00086 ,0.00000 ,0.00077
0.00000 ,0.00091 ,0.00000 ,0.00081
0.00000 ,0.00096 ,0.00000 ,0.00086
0.00000 ,0.00101 ,0.00000 ,0.00091
0.00000 ,0.00116 ,0.00000 ,0.00104
0.00000 ,0.00122 ,0.00000 ,0.00110
0.00000 ,0.00140 ,0.00000 ,0.00126
0.00000 ,0.00147 ,0.00000 ,0.00132
0.00000 ,0.00153 ,0.00000 ,0.00138
0.00000 ,0.00174 ,0.00000 ,0.00157
0.00000 ,0.00197 ,0.00000 ,0.00178
0.00000 ,0.00205 ,0.00000 ,0.00186
0.00000 ,0.00231 ,0.00000 ,0.00209
0.00000 ,0.00260 ,0.00000 ,0.00236
0.00000 ,0.00270 ,0.00000 ,0.00245
0.00000 ,0.00301 ,0.00000 ,0.00274
0.00000 ,0.00336 ,0.00000 ,0.00306
0.00000 ,0.00374 ,0.00000 ,0.00342
0.00000 ,0.00386 ,0.00000 ,0.00353
0.00000 ,0.00396 ,0.00000 ,0.00363
0.00000 ,0.00460 ,0.00000 ,0.00422
0.00000 ,0.00514 ,0.00000 ,0.00472
0.00000 ,0.00530 ,0.00000 ,0.00488
0.00000 ,0.00582 ,0.00000 ,0.00536
0.00000 ,0.00637 ,0.00000 ,0.00587
0.00000 ,0.00696 ,0.00000 ,0.00643
0.00000 ,0.00758 ,0.00000 ,0.00701
0.00000 ,0.00773 ,0.00000 ,0.00716
0.00000 ,0.00874 ,0.00000 ,0.00810
0.00000 ,0.00900 ,0.00000 ,0.00835
0.00000 ,0.00974 ,0.00000 ,0.00905
0.00000 ,0.01051 ,0.00000 ,0.00978
0.00000 ,0.01131 ,0.00000 ,0.01054
0.00000 ,0.01214 ,0.00000 ,0.01132
0.00000 ,0.01353 ,0.00000 ,0.01264
0.00000 ,0.01460 ,0.00000 ,0.01365
0.00000 ,0.01563 ,0.00000 ,0.01464
0.00000 ,0.01665 ,0.00000 ,0.01561
0.00000 ,0.01767 ,0.00000 ,0.01659
0.00000 ,0.01871 ,0.00000 ,0.01758
0.00000 ,0.01976 ,0.00000 ,0.01859
0.00000 ,0.02152 ,0.00000 ,0.02024
0.00000 ,0.02284 ,0.00000 ,0.02153
0.00000 ,0.02409 ,0.00000 ,0.02273
0.00000 ,0.02606 ,0.00000 ,0.02462
0.00000 ,0.02748 ,0.00000 ,0.02599
0.00000 ,0.02879 ,0.00000 ,0.02723
0.00000 ,0.03083 ,0.00000 ,0.02922
0.00000 ,0.03228 ,0.00000 ,0.03063
0.00000 ,0.03476 ,0.00000 ,0.03302
0.00000 ,0.03729 ,0.00000 ,0.03546
0.00000 ,0.03864 ,0.00000 ,0.03674
0.00000 ,0.03980 ,0.00000 ,0.03793
0.00000 ,0.04092 ,0.00000 ,0.03903
0.00000 ,0.04275 ,0.00000 ,0.04082
0.00000 ,0.04408 ,0.00000 ,0.04214
0.00000 ,0.04640 ,0.00000 ,0.04435
0.00000 ,0.04860 ,0.00000 ,0.04655
0.00000 ,0.04965 ,0.00000 ,0.04761
0.00000 ,0.05124 ,0.00000 ,0.04917
0.00000 ,0.05326 ,0.00000 ,0.05116
0.00000 ,0.05510 ,0.00000 ,0.05297
0.00000 ,0.05589 ,0.00000 ,0.05378
0.00000 ,0.05654 ,0.00000 ,0.05446
0.00000 ,0.05759 ,0.00000 ,0.05552
0.00000 ,0.05896 ,0.00000 ,0.05689
0.00000 ,0.06011 ,0.00000 ,0.05805
0.00000 ,0.06104 ,0.00000 ,0.05900
0.00000 ,0.06136 ,0.00000 ,0.05936
0.00000 ,0.06185 ,0.00000 ,0.05988
0.00000 ,0.06211 ,0.00000 ,0.06019
0.00000 ,0.06233 ,0.00000 ,0.06040
0.00000 ,0.06257 ,0.00000 ,0.06073
0.00000 ,0.06280 ,0.00000 ,0.06100
0.00000 ,0.06283 ,0.00000 ,0.06107
0.00000 ,0.06281 ,0.00000 ,0.06111
0.00000 ,0.06275 ,0.00000 ,0.06109
0.00000 ,0.06260 ,0.00000 ,0.06094
0.00000 ,0.06242 ,0.00000 ,0.06086
0.00000 ,0.06227 ,0.00000 ,0.06075
0.00000 ,0.06195 ,0.00000 ,0.06045
0.00000 ,0.06135 ,0.00000 ,0.05991
0.00000 ,0.06109 ,0.00000 ,0.05969
0.00000 ,0.06053 ,0.00000 ,0.05918
0.00000 ,0.05964 ,0.00000 ,0.05839
0.00000 ,0.05932 ,0.00000 ,0.05808
0.00000 ,0.05858 ,0.00001 ,0.05739
0.00001 ,0.05747 ,0.00001 ,0.05638
0.00001 ,0.05708 ,0.00001 ,0.05604
0.00001 ,0.05676 ,0.00001 ,0.05575
0.00001 ,0.05591 ,0.00001 ,0.05495
0.00001 ,0.05547 ,0.00001 ,0.05455
0.00001 ,0.05444 ,0.00001 ,0.05358
0.00001 ,0.05313 ,0.00001 ,0.05228
0.00001 ,0.05272 ,0.00001 ,0.05191
0.00001 ,0.05238 ,0.00001 ,0.05162
0.00001 ,0.05139 ,0.00001 ,0.05068
0.00002 ,0.04997 ,0.00002 ,0.04930
0.00001 ,0.05435 ,0.00001 ,0.05362
0.00002 ,0.04823 ,0.00002 ,0.04761
0.00002 ,0.04798 ,0.00002 ,0.04741
0.00003 ,0.04688 ,0.00003 ,0.04633
0.00003 ,0.04536 ,0.00003 ,0.04487
0.00003 ,0.04497 ,0.00003 ,0.04451
0.00003 ,0.04384 ,0.00004 ,0.04341
0.00004 ,0.04234 ,0.00004 ,0.04194
0.00005 ,0.04094 ,0.00005 ,0.04058
0.00005 ,0.04060 ,0.00005 ,0.04026
0.00005 ,0.03950 ,0.00005 ,0.03919
0.00006 ,0.03910 ,0.00006 ,0.03882
0.00006 ,0.03795 ,0.00006 ,0.03770
0.00007 ,0.03650 ,0.00007 ,0.03626
0.00007 ,0.03621 ,0.00007 ,0.03599
0.00008 ,0.03516 ,0.00008 ,0.03497
0.00009 ,0.03480 ,0.00009 ,0.03464
0.00009 ,0.03373 ,0.00009 ,0.03359
0.00010 ,0.03338 ,0.00010 ,0.03325
0.00011 ,0.03238 ,0.00011 ,0.03227
0.00011 ,0.03203 ,0.00011 ,0.03194
0.00012 ,0.03107 ,0.00012 ,0.03099
0.00013 ,0.03074 ,0.00013 ,0.03068
0.00014 ,0.02981 ,0.00014 ,0.02977
0.00014 ,0.02950 ,0.00014 ,0.02946
0.00014 ,0.02943 ,0.00014 ,0.02940
0.00015 ,0.02860 ,0.00015 ,0.02858
0.00016 ,0.02832 ,0.00016 ,0.02832
0.00017 ,0.02744 ,0.00017 ,0.02746
0.00018 ,0.02717 ,0.00018 ,0.02720
0.00019 ,0.02636 ,0.00019 ,0.02639
0.00022 ,0.02521 ,0.00022 ,0.02525
0.00022 ,0.02505 ,0.00022 ,0.02510
0.00022 ,0.02504 ,0.00022 ,0.02509
0.00023 ,0.02435 ,0.00023 ,0.02441
0.00024 ,0.02413 ,0.00024 ,0.02419
0.00026 ,0.02340 ,0.00026 ,0.02347
0.00026 ,0.02319 ,0.00026 ,0.02325
0.00028 ,0.02251 ,0.00028 ,0.02259
0.00031 ,0.02150 ,0.00031 ,0.02158
0.00032 ,0.02139 ,0.00032 ,0.02147
0.00034 ,0.02076 ,0.00034 ,0.02086
0.00035 ,0.02058 ,0.00034 ,0.02067
0.00037 ,0.02000 ,0.00037 ,0.02010
0.00037 ,0.01987 ,0.00037 ,0.01997
0.00040 ,0.01925 ,0.00040 ,0.01936
0.00040 ,0.01914 ,0.00040 ,0.01925
0.00040 ,0.01919 ,0.00040 ,0.01931
0.00042 ,0.01871 ,0.00042 ,0.01882
0.00043 ,0.01855 ,0.00043 ,0.01867
0.00045 ,0.01805 ,0.00045 ,0.01817
0.00046 ,0.01796 ,0.00045 ,0.01808
0.00045 ,0.01803 ,0.00045 ,0.01816
0.00048 ,0.01759 ,0.00047 ,0.01772
0.00048 ,0.01752 ,0.00048 ,0.01764
0.00048 ,0.01760 ,0.00047 ,0.01773
0.00050 ,0.01718 ,0.00050 ,0.01731
0.00050 ,0.01712 ,0.00050 ,0.01725
0.00053 ,0.01662 ,0.00053 ,0.01675
0.00053 ,0.01658 ,0.00053 ,0.01671
0.00053 ,0.01668 ,0.00052 ,0.01682
0.00052 ,0.01685 ,0.00051 ,0.01698
0.00051 ,0.01703 ,0.00050 ,0.01717
0.00050 ,0.01723 ,0.00049 ,0.01737
0.00049 ,0.01742 ,0.00048 ,0.01757
0.00051 ,0.01707 ,0.00050 ,0.01722
0.00051 ,0.01701 ,0.00050 ,0.01716
0.00050 ,0.01717 ,0.00050 ,0.01732
0.00049 ,0.01737 ,0.00048 ,0.01752
0.00051 ,0.01702 ,0.00050 ,0.01717
0.00051 ,0.01698 ,0.00051 ,0.01714
0.00050 ,0.01715 ,0.00050 ,0.01731
0.00052 ,0.01680 ,0.00052 ,0.01696
0.00048 ,0.01760 ,0.00047 ,0.01777
0.00049 ,0.01725 ,0.00049 ,0.01742
0.00049 ,0.01728 ,0.00049 ,0.01745
0.00048 ,0.01745 ,0.00048 ,0.01763
0.00047 ,0.01767 ,0.00047 ,0.01786
0.00049 ,0.01733 ,0.00048 ,0.01752
0.00049 ,0.01734 ,0.00048 ,0.01753
0.00048 ,0.01754 ,0.00047 ,0.01774
0.00047 ,0.01779 ,0.00046 ,0.01799
0.00045 ,0.01805 ,0.00045 ,0.01825
0.00047 ,0.01773 ,0.00046 ,0.01793
0.00047 ,0.01777 ,0.00046 ,0.01797
0.00046 ,0.01798 ,0.00045 ,0.01819
0.00044 ,0.01824 ,0.00044 ,0.01846
0.00043 ,0.01852 ,0.00042 ,0.01874
0.00042 ,0.01881 ,0.00041 ,0.01904
0.00040 ,0.01910 ,0.00040 ,0.01934
0.00042 ,0.01879 ,0.00041 ,0.01902
0.00041 ,0.01887 ,0.00041 ,0.01910
0.00040 ,0.01909 ,0.00040 ,0.01933
0.00039 ,0.01938 ,0.00039 ,0.01962
0.00038 ,0.01968 ,0.00037 ,0.01994
0.00037 ,0.02000 ,0.00036 ,0.02026
0.00035 ,0.02032 ,0.00035 ,0.02058
0.00034 ,0.02065 ,0.00034 ,0.02092
0.00033 ,0.02098 ,0.00032 ,0.02126
0.00032 ,0.02131 ,0.00031 ,0.02160
0.00031 ,0.02165 ,0.00030 ,0.02195
0.00030 ,0.02200 ,0.00029 ,0.02230
0.00029 ,0.02235 ,0.00028 ,0.02265
0.00028 ,0.02270 ,0.00027 ,0.02302
0.00027 ,0.02306 ,0.00026 ,0.02338
0.00026 ,0.02342 ,0.00025 ,0.02375
0.00025 ,0.02379 ,0.00024 ,0.02412
0.00024 ,0.02415 ,0.00023 ,0.02450
0.00023 ,0.02453 ,0.00023 ,0.02488
0.00022 ,0.02490 ,0.00022 ,0.02527
0.00021 ,0.02528 ,0.00021 ,0.02566
0.00020 ,0.02567 ,0.00020 ,0.02606
0.00020 ,0.02606 ,0.00019 ,0.02645
0.00019 ,0.02645 ,0.00019 ,0.02685
0.00018 ,0.02685 ,0.00018 ,0.02726
0.00017 ,0.02725 ,0.00017 ,0.02767
0.00015 ,0.02870 ,0.00015 ,0.02915
0.00013 ,0.02998 ,0.00013 ,0.03045
0.00013 ,0.02999 ,0.00013 ,0.03046
0.00013 ,0.03014 ,0.00013 ,0.03062
0.00013 ,0.03047 ,0.00012 ,0.03095
0.00012 ,0.03085 ,0.00012 ,0.03134
0.00012 ,0.03126 ,0.00012 ,0.03176
0.00010 ,0.03278 ,0.00010 ,0.03331
0.00010 ,0.03325 ,0.00010 ,0.03379
0.00009 ,0.03368 ,0.00009 ,0.03423
0.00009 ,0.03411 ,0.00009 ,0.03467
0.00009 ,0.03454 ,0.00008 ,0.03511
0.00008 ,0.03497 ,0.00008 ,0.03555
0.00008 ,0.03540 ,0.00008 ,0.03599
0.00007 ,0.03695 ,0.00007 ,0.03757
0.00006 ,0.03742 ,0.00006 ,0.03805
0.00006 ,0.03785 ,0.00006 ,0.03850
0.00006 ,0.03829 ,0.00006 ,0.03894
0.00006 ,0.03871 ,0.00006 ,0.03938
0.00005 ,0.03914 ,0.00005 ,0.03981
0.00005 ,0.04068 ,0.00005 ,0.04139
0.00004 ,0.04114 ,0.00004 ,0.04185
0.00004 ,0.04157 ,0.00004 ,0.04229
0.00004 ,0.04199 ,0.00004 ,0.04273
0.00004 ,0.04241 ,0.00004 ,0.04316
0.00003 ,0.04391 ,0.00003 ,0.04469
0.00003 ,0.04435 ,0.00003 ,0.04514
0.00003 ,0.04476 ,0.00003 ,0.04556
0.00003 ,0.04516 ,0.00003 ,0.04597
0.00003 ,0.04556 ,0.00003 ,0.04638
0.00002 ,0.04701 ,0.00002 ,0.04785
0.00002 ,0.04742 ,0.00002 ,0.04827
0.00002 ,0.04781 ,0.00002 ,0.04867
0.00002 ,0.04919 ,0.00002 ,0.05007
0.00002 ,0.04957 ,0.00002 ,0.05047
0.00002 ,0.04994 ,0.00002 ,0.05084
0.00002 ,0.05030 ,0.00002 ,0.05121
0.00001 ,0.05158 ,0.00001 ,0.05251
0.00001 ,0.05194 ,0.00001 ,0.05288
0.00001 ,0.05227 ,0.00001 ,0.05322
0.00001 ,0.05346 ,0.00001 ,0.05443
0.00001 ,0.05378 ,0.00001 ,0.05477
0.00001 ,0.05409 ,0.00001 ,0.05508
0.00001 ,0.05517 ,0.00001 ,0.05618
0.00001 ,0.05547 ,0.00001 ,0.05648
0.00001 ,0.05574 ,0.00001 ,0.05675
0.00001 ,0.05600 ,0.00001 ,0.05702
0.00001 ,0.05626 ,0.00001 ,0.05728
0.00001 ,0.05651 ,0.00001 ,0.05753
0.00001 ,0.05676 ,0.00001 ,0.05777
0.00000 ,0.05764 ,0.00000 ,0.05866
0.00000 ,0.05787 ,0.00000 ,0.05890
0.00000 ,0.05809 ,0.00000 ,0.05911
0.00000 ,0.05829 ,0.00000 ,0.05932
0.00000 ,0.05849 ,0.00000 ,0.05951
0.00000 ,0.05868 ,0.00000 ,0.05970
0.00000 ,0.05887 ,0.00000 ,0.05989
0.00000 ,0.05952 ,0.00000 ,0.06055
0.00000 ,0.05969 ,0.00000 ,0.06072
0.00000 ,0.05984 ,0.00000 ,0.06087
0.00000 ,0.06035 ,0.00000 ,0.06139
0.00000 ,0.06047 ,0.00000 ,0.06152
0.00000 ,0.06059 ,0.00000 ,0.06163
0.00000 ,0.06069 ,0.00000 ,0.06173
0.00000 ,0.06102 ,0.00000 ,0.06207
0.00000 ,0.06110 ,0.00000 ,0.06214
0.00000 ,0.06117 ,0.00000 ,0.06220
0.00000 ,0.06122 ,0.00000 ,0.06226
0.00000 ,0.06128 ,0.00000 ,0.06231
0.00000 ,0.06132 ,0.00000 ,0.06235
0.00000 ,0.06136 ,0.00000 ,0.06238
0.00000 ,0.06139 ,0.00000 ,0.06241
0.00000 ,0.06142 ,0.00000 ,0.06243
0.00000 ,0.06144 ,0.00000 ,0.06245
0.00000 ,0.06145 ,0.00000 ,0.06246
0.00000 ,0.06146 ,0.00000 ,0.06247
0.00000 ,0.06146 ,0.00000 ,0.06246
0.00000 ,0.06146 ,0.00000 ,0.06246
0.00000 ,0.06145 ,0.00000 ,0.06244
0.00000 ,0.06144 ,0.00000 ,0.06242
0.00000 ,0.06142 ,0.00000 ,0.06240
0.00000 ,0.06127 ,0.00000 ,0.06225
0.00000 ,0.06124 ,0.00000 ,0.06221
0.00000 ,0.06108 ,0.00000 ,0.06204
0.00000 ,0.06107 ,0.00000 ,0.06202
0.00000 ,0.06102 ,0.00000 ,0.06197
0.00000 ,0.06096 ,0.00000 ,0.06191
0.00000 ,0.06089 ,0.00000 ,0.06184
0.00000 ,0.06081 ,0.00000 ,0.06176
0.00000 ,0.06073 ,0.00000 ,0.06167
0.00000 ,0.06064 ,0.00000 ,0.06159
0.00000 ,0.06055 ,0.00000 ,0.06149
0.00000 ,0.06046 ,0.00000 ,0.06139
0.00000 ,0.06036 ,0.00000 ,0.06129
0.00000 ,0.05986 ,0.00000 ,0.06079
0.00000 ,0.05978 ,0.00000 ,0.06070
0.00000 ,0.05984 ,0.00000 ,0.06077
0.00000 ,0.05985 ,0.00000 ,0.06077
0.00000 ,0.05978 ,0.00000 ,0.06070
0.00000 ,0.05968 ,0.00000 ,0.06060
0.00000 ,0.05957 ,0.00000 ,0.06048
0.00000 ,0.05945 ,0.00000 ,0.06035
0.00000 ,0.05932 ,0.00000 ,0.06022
0.00000 ,0.05920 ,0.00000 ,0.06009
0.00000 ,0.05907 ,0.00000 ,0.05995
0.00000 ,0.05894 ,0.00000 ,0.05981
0.00000 ,0.05880 ,0.00000 ,0.05967
0.00000 ,0.05918 ,0.00000 ,0.06005
0.00000 ,0.05910 ,0.00000 ,0.05996
0.00000 ,0.05898 ,0.00000 ,0.05984
0.00000 ,0.05886 ,0.00000 ,0.05971
0.00000 ,0.05873 ,0.00000 ,0.05957
0.00000 ,0.05861 ,0.00000 ,0.05943
0.00000 ,0.05848 ,0.00000 ,0.05929
0.00000 ,0.05834 ,0.00000 ,0.05915
0.00000 ,0.05820 ,0.00000 ,0.05901
0.00000 ,0.05864 ,0.00000 ,0.05945
0.00000 ,0.05856 ,0.00000 ,0.05937
0.00000 ,0.05844 ,0.00000 ,0.05925
0.00000 ,0.05832 ,0.00000 ,0.05912
0.00000 ,0.05875 ,0.00000 ,0.05956
0.00000 ,0.05868 ,0.00000 ,0.05948
0.00000 ,0.05857 ,0.00000 ,0.05938
0.00000 ,0.05846 ,0.00000 ,0.05926
0.00000 ,0.05834 ,0.00000 ,0.05914
0.00000 ,0.05878 ,0.00000 ,0.05958
0.00000 ,0.05871 ,0.00000 ,0.05951
0.00000 ,0.05862 ,0.00000 ,0.05941
0.00000 ,0.05851 ,0.00000 ,0.05931
0.00000 ,0.05840 ,0.00000 ,0.05920
0.00000 ,0.05851 ,0.00000 ,0.05930
0.00000 ,0.05860 ,0.00000 ,0.05940
0.00000 ,0.05862 ,0.00000 ,0.05943
0.00000 ,0.05856 ,0.00000 ,0.05938
0.00000 ,0.05870 ,0.00000 ,0.05952
0.00000 ,0.05824 ,0.00000 ,0.05906
0.00000 ,0.05841 ,0.00000 ,0.05923
0.00000 ,0.05857 ,0.00000 ,0.05940
0.00000 ,0.05862 ,0.00000 ,0.05946
0.00000 ,0.05859 ,0.00000 ,0.05944
0.00000 ,0.05865 ,0.00000 ,0.05950
0.00000 ,0.05932 ,0.00000 ,0.06019
0.00000 ,0.05941 ,0.00000 ,0.06028
0.00000 ,0.05940 ,0.00000 ,0.06028
0.00000 ,0.05935 ,0.00000 ,0.06024
0.00000 ,0.05940 ,0.00000 ,0.06030
0.00000 ,0.05997 ,0.00000 ,0.06088
0.00000 ,0.06004 ,0.00000 ,0.06097
0.00000 ,0.06004 ,0.00000 ,0.06098
0.00000 ,0.06001 ,0.00000 ,0.06095
0.00000 ,0.06005 ,0.00000 ,0.06100
0.00000 ,0.06017 ,0.00000 ,0.06112
0.00000 ,0.06023 ,0.00000 ,0.06119
0.00000 ,0.06022 ,0.00000 ,0.06119
0.00000 ,0.06029 ,0.00000 ,0.06126
0.00000 ,0.06040 ,0.00000 ,0.06138
0.00000 ,0.06046 ,0.00000 ,0.06144
0.00000 ,0.06056 ,0.00000 ,0.06154
0.00000 ,0.06093 ,0.00000 ,0.06193
0.00000 ,0.06098 ,0.00000 ,0.06199
0.00000 ,0.06106 ,0.00000 ,0.06207
0.00000 ,0.06113 ,0.00000 ,0.06214
0.00000 ,0.06131 ,0.00000 ,0.06233
0.00000 ,0.06132 ,0.00000 ,0.06234
0.00000 ,0.06135 ,0.00000 ,0.06238
0.00000 ,0.06144 ,0.00000 ,0.06247
0.00000 ,0.06124 ,0.00000 ,0.06228
0.00000 ,0.06120 ,0.00000 ,0.06225
0.00000 ,0.06112 ,0.00000 ,0.06217
0.00000 ,0.06084 ,0.00000 ,0.06189
0.00000 ,0.06102 ,0.00000 ,0.06209
0.00000 ,0.06092 ,0.00000 ,0.06199
0.00000 ,0.06057 ,0.00000 ,0.06164
0.00000 ,0.06016 ,0.00000 ,0.06124
0.00000 ,0.06013 ,0.00000 ,0.06121
0.00000 ,0.06012 ,0.00000 ,0.06121
0.00000 ,0.06002 ,0.00000 ,0.06110
0.00000 ,0.05987 ,0.00000 ,0.06096
0.00000 ,0.05934 ,0.00000 ,0.06042
0.00000 ,0.05928 ,0.00000 ,0.06037
0.00000 ,0.05911 ,0.00000 ,0.06020
0.00000 ,0.05893 ,0.00000 ,0.06002
0.00000 ,0.05826 ,0.00000 ,0.05934
0.00000 ,0.05819 ,0.00000 ,0.05927
0.00001 ,0.05714 ,0.00001 ,0.05820
0.00000 ,0.05755 ,0.00000 ,0.05862
0.00001 ,0.05708 ,0.00001 ,0.05815
0.00001 ,0.05691 ,0.00001 ,0.05798
0.00001 ,0.05652 ,0.00001 ,0.05759
0.00001 ,0.05555 ,0.00001 ,0.05660
0.00001 ,0.05535 ,0.00001 ,0.05641
0.00001 ,0.05496 ,0.00001 ,0.05601
0.00001 ,0.05384 ,0.00001 ,0.05487
0.00001 ,0.05360 ,0.00001 ,0.05463
0.00001 ,0.05309 ,0.00001 ,0.05412
0.00001 ,0.05277 ,0.00001 ,0.05379
0.00001 ,0.05163 ,0.00001 ,0.05263
0.00001 ,0.05148 ,0.00001 ,0.05249
0.00001 ,0.05102 ,0.00001 ,0.05202
0.00002 ,0.04969 ,0.00002 ,0.05067
0.00002 ,0.04938 ,0.00002 ,0.05036
0.00002 ,0.04866 ,0.00002 ,0.04962
0.00002 ,0.04829 ,0.00002 ,0.04925
0.00002 ,0.04734 ,0.00002 ,0.04829
0.00003 ,0.04596 ,0.00003 ,0.04687
0.00003 ,0.04465 ,0.00003 ,0.04554
0.00003 ,0.04441 ,0.00003 ,0.04530
0.00003 ,0.04361 ,0.00003 ,0.04448
0.00004 ,0.04323 ,0.00003 ,0.04410
0.00004 ,0.04215 ,0.00004 ,0.04299
0.00004 ,0.04173 ,0.00004 ,0.04257
0.00005 ,0.04068 ,0.00005 ,0.04149
0.00005 ,0.03919 ,0.00005 ,0.03998
0.00006 ,0.03886 ,0.00005 ,0.03964
0.00007 ,0.03644 ,0.00007 ,0.03717
0.00007 ,0.03720 ,0.00006 ,0.03794
0.00007 ,0.03626 ,0.00007 ,0.03699
0.00008 ,0.03476 ,0.00008 ,0.03546
0.00009 ,0.03441 ,0.00008 ,0.03511
0.00009 ,0.03417 ,0.00009 ,0.03487
0.00010 ,0.03316 ,0.00010 ,0.03384
0.00010 ,0.03269 ,0.00010 ,0.03336
0.00011 ,0.03155 ,0.00011 ,0.03220
0.00012 ,0.03103 ,0.00012 ,0.03167
0.00012 ,0.03075 ,0.00012 ,0.03138
0.00014 ,0.02974 ,0.00013 ,0.03035
0.00016 ,0.02823 ,0.00015 ,0.02882
0.00016 ,0.02779 ,0.00016 ,0.02836
0.00017 ,0.02749 ,0.00017 ,0.02806
0.00019 ,0.02655 ,0.00018 ,0.02710
0.00020 ,0.02599 ,0.00019 ,0.02652
0.00022 ,0.02494 ,0.00021 ,0.02545
0.00023 ,0.02437 ,0.00023 ,0.02486
0.00026 ,0.02337 ,0.00025 ,0.02385
0.00029 ,0.02205 ,0.00029 ,0.02250
0.00042 ,0.01859 ,0.00042 ,0.01896
0.00027 ,0.02285 ,0.00026 ,0.02331
0.00029 ,0.02227 ,0.00028 ,0.02272
0.00042 ,0.01876 ,0.00041 ,0.01913
0.00043 ,0.01842 ,0.00042 ,0.01879
0.00045 ,0.01808 ,0.00044 ,0.01844
0.00050 ,0.01713 ,0.00049 ,0.01747
0.00053 ,0.01666 ,0.00052 ,0.01699
0.00055 ,0.01634 ,0.00054 ,0.01665
0.00061 ,0.01534 ,0.00060 ,0.01564
0.00065 ,0.01490 ,0.00064 ,0.01519
0.00073 ,0.01394 ,0.00072 ,0.01421
0.00076 ,0.01359 ,0.00075 ,0.01385
0.00087 ,0.01258 ,0.00085 ,0.01282
0.00090 ,0.01226 ,0.00089 ,0.01249
0.00086 ,0.01261 ,0.00085 ,0.01285
0.00108 ,0.01097 ,0.00106 ,0.01117
0.00110 ,0.01081 ,0.00108 ,0.01101
0.00114 ,0.01056 ,0.00112 ,0.01076
0.00131 ,0.00960 ,0.00129 ,0.00978
0.00136 ,0.00940 ,0.00133 ,0.00957
0.00140 ,0.00920 ,0.00137 ,0.00937
0.00162 ,0.00828 ,0.00159 ,0.00843
0.00166 ,0.00811 ,0.00163 ,0.00826
0.00171 ,0.00793 ,0.00168 ,0.00808
0.00178 ,0.00769 ,0.00175 ,0.00784
0.00185 ,0.00746 ,0.00182 ,0.00760
0.00193 ,0.00723 ,0.00190 ,0.00736
0.00225 ,0.00639 ,0.00221 ,0.00651
0.00256 ,0.00572 ,0.00252 ,0.00583
0.00260 ,0.00565 ,0.00255 ,0.00576
0.00269 ,0.00549 ,0.00264 ,0.00559
0.00281 ,0.00529 ,0.00276 ,0.00538
0.00327 ,0.00460 ,0.00321 ,0.00468
0.00332 ,0.00453 ,0.00326 ,0.00461
0.00386 ,0.00392 ,0.00379 ,0.00400
0.00392 ,0.00386 ,0.00384 ,0.00394
0.00409 ,0.00370 ,0.00401 ,0.00377
0.00427 ,0.00354 ,0.00419 ,0.00360
0.00447 ,0.00337 ,0.00438 ,0.00344
0.00468 ,0.00321 ,0.00459 ,0.00328
0.00490 ,0.00306 ,0.00481 ,0.00312
0.00514 ,0.00291 ,0.00504 ,0.00296
0.00538 ,0.00276 ,0.00528 ,0.00281
0.00565 ,0.00261 ,0.00553 ,0.00266
0.00592 ,0.00247 ,0.00581 ,0.00252
0.00622 ,0.00233 ,0.00609 ,0.00238
0.00652 ,0.00220 ,0.00639 ,0.00225
0.00685 ,0.00208 ,0.00671 ,0.00212
0.00719 ,0.00195 ,0.00704 ,0.00199
0.00755 ,0.00184 ,0.00739 ,0.00188
0.00792 ,0.00172 ,0.00776 ,0.00176
0.00779 ,0.00176 ,0.00763 ,0.00180
0.00818 ,0.00165 ,0.00801 ,0.00169
0.00859 ,0.00155 ,0.00841 ,0.00158
0.00901 ,0.00145 ,0.00882 ,0.00148
0.00946 ,0.00135 ,0.00926 ,0.00138
0.00993 ,0.00126 ,0.00972 ,0.00129
0.01043 ,0.00117 ,0.01021 ,0.00120
0.01095 ,0.00109 ,0.01072 ,0.00111
0.01069 ,0.00113 ,0.01046 ,0.00116
0.01135 ,0.00103 ,0.01111 ,0.00106
0.01193 ,0.00096 ,0.01168 ,0.00098
0.01162 ,0.00100 ,0.01137 ,0.00102
0.01238 ,0.00090 ,0.01211 ,0.00092
0.01302 ,0.00083 ,0.01274 ,0.00085
0.01266 ,0.00087 ,0.01239 ,0.00089
0.01353 ,0.00078 ,0.01323 ,0.00080
0.01425 ,0.00071 ,0.01394 ,0.00073
0.01384 ,0.00075 ,0.01354 ,0.00077
0.01482 ,0.00067 ,0.01449 ,0.00068
0.01563 ,0.00060 ,0.01529 ,0.00062
0.01517 ,0.00064 ,0.01484 ,0.00065
0.01626 ,0.00056 ,0.01591 ,0.00057
0.01588 ,0.00059 ,0.01553 ,0.00060
0.01703 ,0.00051 ,0.01666 ,0.00053
0.01799 ,0.00046 ,0.01759 ,0.00047
0.01753 ,0.00049 ,0.01715 ,0.00050
0.01756 ,0.00048 ,0.01718 ,0.00050
0.01872 ,0.00043 ,0.01831 ,0.00044
0.01847 ,0.00044 ,0.01806 ,0.00045
0.01970 ,0.00038 ,0.01927 ,0.00039
0.01950 ,0.00039 ,0.01907 ,0.00040
0.01964 ,0.00039 ,0.01921 ,0.00040
0.01962 ,0.00039 ,0.01919 ,0.00040
0.02087 ,0.00034 ,0.02041 ,0.00035
0.02074 ,0.00034 ,0.02029 ,0.00035
0.02099 ,0.00034 ,0.02053 ,0.00034
0.02104 ,0.00033 ,0.02057 ,0.00034
0.02115 ,0.00033 ,0.02068 ,0.00034
0.02129 ,0.00033 ,0.02082 ,0.00033
0.02145 ,0.00032 ,0.02097 ,0.00033
0.02161 ,0.00031 ,0.02113 ,0.00032
0.02179 ,0.00031 ,0.02131 ,0.00032
0.02198 ,0.00030 ,0.02150 ,0.00031
0.02219 ,0.00030 ,0.02170 ,0.00030
0.02350 ,0.00026 ,0.02298 ,0.00027
0.02343 ,0.00026 ,0.02292 ,0.00027
0.02402 ,0.00025 ,0.02349 ,0.00025
0.02426 ,0.00024 ,0.02372 ,0.00025
0.02452 ,0.00023 ,0.02398 ,0.00024
0.02481 ,0.00023 ,0.02427 ,0.00023
0.02512 ,0.00022 ,0.02457 ,0.00023
0.02544 ,0.00021 ,0.02489 ,0.00022
0.02578 ,0.00021 ,0.02522 ,0.00021
0.02614 ,0.00020 ,0.02557 ,0.00020
0.02651 ,0.00019 ,0.02593 ,0.00020
0.02689 ,0.00019 ,0.02631 ,0.00019
0.02729 ,0.00018 ,0.02670 ,0.00018
0.02771 ,0.00017 ,0.02712 ,0.00018
0.02662 ,0.00019 ,0.02605 ,0.00019
0.02739 ,0.00018 ,0.02680 ,0.00018
0.02789 ,0.00017 ,0.02729 ,0.00017
0.02838 ,0.00016 ,0.02778 ,0.00016
0.02888 ,0.00015 ,0.02827 ,0.00016
0.02775 ,0.00017 ,0.02717 ,0.00017
0.02866 ,0.00016 ,0.02806 ,0.00016
0.02927 ,0.00015 ,0.02866 ,0.00015
0.02986 ,0.00014 ,0.02925 ,0.00014
0.02874 ,0.00016 ,0.02815 ,0.00016
0.02974 ,0.00014 ,0.02913 ,0.00014
0.03044 ,0.00013 ,0.02982 ,0.00013
0.02938 ,0.00015 ,0.02879 ,0.00015
0.02891 ,0.00015 ,0.02833 ,0.00016
0.02987 ,0.00014 ,0.02927 ,0.00014
0.03068 ,0.00013 ,0.03007 ,0.00013
0.02975 ,0.00014 ,0.02916 ,0.00014
0.03086 ,0.00013 ,0.03024 ,0.00013
0.03004 ,0.00014 ,0.02944 ,0.00014
0.03111 ,0.00012 ,0.03049 ,0.00013
0.03043 ,0.00013 ,0.02983 ,0.00013
0.03019 ,0.00013 ,0.02960 ,0.00014
0.03116 ,0.00012 ,0.03054 ,0.00013
0.03052 ,0.00013 ,0.02992 ,0.00013
0.03036 ,0.00013 ,0.02977 ,0.00014
0.03133 ,0.00012 ,0.03072 ,0.00012
0.03075 ,0.00013 ,0.03014 ,0.00013
0.03068 ,0.00013 ,0.03008 ,0.00013
0.03036 ,0.00013 ,0.02976 ,0.00014
0.03010 ,0.00014 ,0.02951 ,0.00014
0.02988 ,0.00014 ,0.02930 ,0.00014
0.03092 ,0.00013 ,0.03032 ,0.00013
0.03047 ,0.00013 ,0.02988 ,0.00013
0.03054 ,0.00013 ,0.02995 ,0.00013
0.03038 ,0.00013 ,0.02980 ,0.00014
0.03023 ,0.00013 ,0.02965 ,0.00014
0.03011 ,0.00014 ,0.02953 ,0.00014
0.03000 ,0.00014 ,0.02943 ,0.00014
0.02992 ,0.00014 ,0.02935 ,0.00014
0.02985 ,0.00014 ,0.02929 ,0.00014
0.02980 ,0.00014 ,0.02924 ,0.00014
0.02977 ,0.00014 ,0.02922 ,0.00014
0.02976 ,0.00014 ,0.02921 ,0.00014
0.02976 ,0.00014 ,0.02921 ,0.00014
0.02978 ,0.00014 ,0.02924 ,0.00014
0.02982 ,0.00014 ,0.02928 ,0.00014
0.02988 ,0.00014 ,0.02933 ,0.00014
0.02862 ,0.00016 ,0.02809 ,0.00016
0.02887 ,0.00015 ,0.02834 ,0.00016
0.02899 ,0.00015 ,0.02846 ,0.00015
0.02911 ,0.00015 ,0.02858 ,0.00015
0.02926 ,0.00015 ,0.02873 ,0.00015
0.02942 ,0.00015 ,0.02889 ,0.00015
0.02820 ,0.00016 ,0.02770 ,0.00017
0.02861 ,0.00016 ,0.02810 ,0.00016
0.02885 ,0.00015 ,0.02833 ,0.00016
0.02909 ,0.00015 ,0.02856 ,0.00015
0.02934 ,0.00015 ,0.02881 ,0.00015
0.02815 ,0.00016 ,0.02765 ,0.00017
0.02869 ,0.00016 ,0.02818 ,0.00016
0.02903 ,0.00015 ,0.02851 ,0.00015
0.02788 ,0.00017 ,0.02738 ,0.00017
0.02849 ,0.00016 ,0.02798 ,0.00016
0.02741 ,0.00018 ,0.02693 ,0.00018
0.02806 ,0.00017 ,0.02757 ,0.00017
0.02849 ,0.00016 ,0.02799 ,0.00016
0.02741 ,0.00018 ,0.02693 ,0.00018
0.02665 ,0.00019 ,0.02618 ,0.00019
0.02739 ,0.00018 ,0.02692 ,0.00018
0.02793 ,0.00017 ,0.02744 ,0.00017
0.02844 ,0.00016 ,0.02795 ,0.00016
0.02741 ,0.00018 ,0.02694 ,0.00018
0.02680 ,0.00019 ,0.02634 ,0.00019
0.02761 ,0.00017 ,0.02714 ,0.00018
0.02675 ,0.00019 ,0.02630 ,0.00019
0.02622 ,0.00020 ,0.02578 ,0.00020
0.02701 ,0.00018 ,0.02656 ,0.00019
0.02627 ,0.00020 ,0.02584 ,0.00020
0.02711 ,0.00018 ,0.02667 ,0.00018
0.02643 ,0.00019 ,0.02601 ,0.00020
0.02607 ,0.00020 ,0.02566 ,0.00020
0.02557 ,0.00021 ,0.02516 ,0.00021
0.02518 ,0.00022 ,0.02478 ,0.00022
0.02601 ,0.00020 ,0.02560 ,0.00020
0.02547 ,0.00021 ,0.02508 ,0.00022
0.02637 ,0.00019 ,0.02597 ,0.00020
0.02588 ,0.00020 ,0.02549 ,0.00021
0.02571 ,0.00021 ,0.02533 ,0.00021
0.02538 ,0.00021 ,0.02500 ,0.00022
0.02508 ,0.00022 ,0.02471 ,0.00022
0.02482 ,0.00023 ,0.02446 ,0.00023
0.02568 ,0.00021 ,0.02532 ,0.00021
0.02528 ,0.00022 ,0.02492 ,0.00022
0.02530 ,0.00022 ,0.02494 ,0.00022
0.02507 ,0.00022 ,0.02472 ,0.00022
0.02488 ,0.00023 ,0.02454 ,0.00023
0.02472 ,0.00023 ,0.02439 ,0.00023
0.02458 ,0.00023 ,0.02425 ,0.00023
0.02446 ,0.00023 ,0.02414 ,0.00024
0.02435 ,0.00024 ,0.02404 ,0.00024
0.02426 ,0.00024 ,0.02396 ,0.00024
0.02420 ,0.00024 ,0.02389 ,0.00024
0.02414 ,0.00024 ,0.02385 ,0.00024
0.02411 ,0.00024 ,0.02382 ,0.00025
0.02409 ,0.00024 ,0.02381 ,0.00025
0.02298 ,0.00027 ,0.02271 ,0.00028
0.02304 ,0.00027 ,0.02278 ,0.00027
0.02308 ,0.00027 ,0.02282 ,0.00027
0.02314 ,0.00027 ,0.02288 ,0.00027
0.02321 ,0.00027 ,0.02296 ,0.00027
0.02330 ,0.00026 ,0.02305 ,0.00027
0.02228 ,0.00029 ,0.02205 ,0.00029
0.02248 ,0.00029 ,0.02225 ,0.00029
0.02262 ,0.00028 ,0.02240 ,0.00028
0.02166 ,0.00031 ,0.02145 ,0.00031
0.02192 ,0.00030 ,0.02171 ,0.00031
0.02211 ,0.00030 ,0.02190 ,0.00030
0.02120 ,0.00033 ,0.02101 ,0.00033
0.02152 ,0.00032 ,0.02133 ,0.00032
0.02176 ,0.00031 ,0.02158 ,0.00031
0.02090 ,0.00034 ,0.02073 ,0.00034
0.02127 ,0.00032 ,0.02111 ,0.00033
0.02157 ,0.00031 ,0.02141 ,0.00032
0.02075 ,0.00034 ,0.02060 ,0.00034
0.02119 ,0.00033 ,0.02103 ,0.00033
0.02041 ,0.00035 ,0.02026 ,0.00036
0.02088 ,0.00034 ,0.02074 ,0.00034
0.02126 ,0.00032 ,0.02113 ,0.00033
0.02051 ,0.00035 ,0.02039 ,0.00035
0.02104 ,0.00033 ,0.02092 ,0.00033
0.02034 ,0.00036 ,0.02022 ,0.00036
0.02090 ,0.00034 ,0.02079 ,0.00034
0.02023 ,0.00036 ,0.02013 ,0.00036
0.02083 ,0.00034 ,0.02073 ,0.00034
0.02020 ,0.00036 ,0.02011 ,0.00036
0.01972 ,0.00038 ,0.01963 ,0.00038
0.02036 ,0.00035 ,0.02028 ,0.00036
0.01980 ,0.00038 ,0.01973 ,0.00038
0.02047 ,0.00035 ,0.02040 ,0.00035
0.01997 ,0.00037 ,0.01990 ,0.00037
0.01964 ,0.00038 ,0.01958 ,0.00038
0.02028 ,0.00036 ,0.02022 ,0.00036
0.01985 ,0.00037 ,0.01979 ,0.00038
0.01960 ,0.00038 ,0.01955 ,0.00039
0.01927 ,0.00040 ,0.01922 ,0.00040
0.01994 ,0.00037 ,0.01989 ,0.00037
0.01960 ,0.00038 ,0.01955 ,0.00039
0.01943 ,0.00039 ,0.01939 ,0.00039
0.01919 ,0.00040 ,0.01916 ,0.00040
0.01897 ,0.00041 ,0.01893 ,0.00041
0.01876 ,0.00042 ,0.01873 ,0.00042
0.01948 ,0.00039 ,0.01945 ,0.00039
0.01923 ,0.00040 ,0.01920 ,0.00040
0.01917 ,0.00040 ,0.01915 ,0.00040
0.01905 ,0.00041 ,0.01903 ,0.00041
0.01892 ,0.00041 ,0.01891 ,0.00041
0.01881 ,0.00042 ,0.01880 ,0.00042
0.01961 ,0.00038 ,0.01960 ,0.00038
0.01944 ,0.00039 ,0.01943 ,0.00039
0.01947 ,0.00039 ,0.01947 ,0.00039
0.01946 ,0.00039 ,0.01946 ,0.00039
0.01944 ,0.00039 ,0.01944 ,0.00039
0.01943 ,0.00039 ,0.01943 ,0.00039
0.01943 ,0.00039 ,0.01943 ,0.00039
0.01945 ,0.00039 ,0.01945 ,0.00039
0.01948 ,0.00039 ,0.01949 ,0.00039
0.01953 ,0.00039 ,0.01954 ,0.00039
0.01960 ,0.00038 ,0.01961 ,0.00038
0.01968 ,0.00038 ,0.01970 ,0.00038
0.01978 ,0.00038 ,0.01980 ,0.00038
0.01990 ,0.00037 ,0.01992 ,0.00037
0.01906 ,0.00041 ,0.01908 ,0.00041
0.01925 ,0.00040 ,0.01927 ,0.00040
0.01941 ,0.00039 ,0.01944 ,0.00039
0.01959 ,0.00038 ,0.01962 ,0.00038
0.01979 ,0.00038 ,0.01982 ,0.00038
0.02001 ,0.00037 ,0.02004 ,0.00037
0.01925 ,0.00040 ,0.01929 ,0.00040
0.01955 ,0.00039 ,0.01959 ,0.00038
0.01981 ,0.00037 ,0.01986 ,0.00037
0.02010 ,0.00036 ,0.02014 ,0.00036
0.01940 ,0.00039 ,0.01944 ,0.00039
0.01977 ,0.00038 ,0.01981 ,0.00038
0.02010 ,0.00036 ,0.02015 ,0.00036
0.02045 ,0.00035 ,0.02051 ,0.00035
0.01980 ,0.00038 ,0.01986 ,0.00037
0.02024 ,0.00036 ,0.02030 ,0.00036
0.02065 ,0.00034 ,0.02071 ,0.00034
0.02007 ,0.00036 ,0.02013 ,0.00036
0.02055 ,0.00035 ,0.02062 ,0.00035
0.02101 ,0.00033 ,0.02108 ,0.00033
0.02049 ,0.00035 ,0.02056 ,0.00035
0.02101 ,0.00033 ,0.02109 ,0.00033
0.02054 ,0.00035 ,0.02061 ,0.00035
0.02109 ,0.00033 ,0.02116 ,0.00033
0.02162 ,0.00031 ,0.02171 ,0.00031
0.02119 ,0.00032 ,0.02127 ,0.00032
0.02179 ,0.00030 ,0.02188 ,0.00030
0.02140 ,0.00032 ,0.02149 ,0.00032
0.02203 ,0.00030 ,0.02213 ,0.00030
0.02167 ,0.00031 ,0.02177 ,0.00031
0.02233 ,0.00029 ,0.02244 ,0.00029
0.02201 ,0.00030 ,0.02211 ,0.00030
0.02271 ,0.00028 ,0.02281 ,0.00028
0.02241 ,0.00029 ,0.02252 ,0.00028
0.02315 ,0.00026 ,0.02326 ,0.00026
0.02288 ,0.00027 ,0.02300 ,0.00027
0.02271 ,0.00028 ,0.02283 ,0.00027
0.02346 ,0.00026 ,0.02359 ,0.00025
0.02323 ,0.00026 ,0.02336 ,0.00026
0.02406 ,0.00024 ,0.02419 ,0.00024
0.02388 ,0.00025 ,0.02401 ,0.00024
0.02378 ,0.00025 ,0.02392 ,0.00025
0.02463 ,0.00023 ,0.02477 ,0.00023
0.02448 ,0.00023 ,0.02463 ,0.00023
0.02444 ,0.00023 ,0.02458 ,0.00023
0.02534 ,0.00021 ,0.02549 ,0.00021
0.02525 ,0.00021 ,0.02540 ,0.00021
0.02524 ,0.00021 ,0.02540 ,0.00021
0.02620 ,0.00019 ,0.02636 ,0.00019
0.02617 ,0.00020 ,0.02633 ,0.00019
0.02621 ,0.00019 ,0.02637 ,0.00019
0.02625 ,0.00019 ,0.02641 ,0.00019
0.02726 ,0.00018 ,0.02744 ,0.00017
0.02730 ,0.00017 ,0.02748 ,0.00017
0.02740 ,0.00017 ,0.02758 ,0.00017
0.02750 ,0.00017 ,0.02768 ,0.00017
0.02761 ,0.00017 ,0.02779 ,0.00017
0.02773 ,0.00017 ,0.02792 ,0.00017
0.02788 ,0.00016 ,0.02806 ,0.00016
0.02902 ,0.00015 ,0.02921 ,0.00015
0.02918 ,0.00015 ,0.02938 ,0.00014
0.02939 ,0.00014 ,0.02959 ,0.00014
0.02960 ,0.00014 ,0.02980 ,0.00014
0.02982 ,0.00014 ,0.03003 ,0.00014
0.03006 ,0.00013 ,0.03027 ,0.00013
0.03032 ,0.00013 ,0.03053 ,0.00013
0.03059 ,0.00013 ,0.03081 ,0.00013
0.03088 ,0.00012 ,0.03110 ,0.00012
0.03118 ,0.00012 ,0.03141 ,0.00012
0.03151 ,0.00012 ,0.03173 ,0.00011
0.03184 ,0.00011 ,0.03207 ,0.00011
0.03220 ,0.00011 ,0.03243 ,0.00011
0.03257 ,0.00010 ,0.03281 ,0.00010
0.03295 ,0.00010 ,0.03320 ,0.00010
0.03335 ,0.00010 ,0.03360 ,0.00010
0.03377 ,0.00009 ,0.03402 ,0.00009
0.03420 ,0.00009 ,0.03446 ,0.00009
0.03465 ,0.00009 ,0.03491 ,0.00008
0.03511 ,0.00008 ,0.03538 ,0.00008
0.03559 ,0.00008 ,0.03586 ,0.00008
0.03608 ,0.00007 ,0.03636 ,0.00007
0.03658 ,0.00007 ,0.03687 ,0.00007
0.03710 ,0.00007 ,0.03739 ,0.00007
0.03763 ,0.00006 ,0.03793 ,0.00006
0.03817 ,0.00006 ,0.03848 ,0.00006
0.03873 ,0.00006 ,0.03905 ,0.00006
0.03931 ,0.00005 ,0.03962 ,0.00005
0.03989 ,0.00005 ,0.04021 ,0.00005
0.04048 ,0.00005 ,0.04081 ,0.00005
0.04109 ,0.00004 ,0.04142 ,0.00004
0.04171 ,0.00004 ,0.04205 ,0.00004
0.04234 ,0.00004 ,0.04268 ,0.00004
0.04297 ,0.00004 ,0.04332 ,0.00004
0.04362 ,0.00003 ,0.04397 ,0.00003
0.04427 ,0.00003 ,0.04462 ,0.00003
0.04493 ,0.00003 ,0.04529 ,0.00003
0.04560 ,0.00003 ,0.04595 ,0.00003
0.04628 ,0.00003 ,0.04663 ,0.00003
0.04696 ,0.00002 ,0.04731 ,0.00002
0.04764 ,0.00002 ,0.04799 ,0.00002
0.04832 ,0.00002 ,0.04868 ,0.00002
0.04901 ,0.00002 ,0.04936 ,0.00002
0.04881 ,0.00002 ,0.04916 ,0.00002
0.04956 ,0.00002 ,0.04992 ,0.00002
0.05027 ,0.00002 ,0.05062 ,0.00002
0.05097 ,0.00001 ,0.05132 ,0.00001
0.05167 ,0.00001 ,0.05202 ,0.00001
0.05236 ,0.00001 ,0.05271 ,0.00001
0.05304 ,0.00001 ,0.05339 ,0.00001
0.05371 ,0.00001 ,0.05406 ,0.00001
0.05437 ,0.00001 ,0.05472 ,0.00001
0.05502 ,0.00001 ,0.05537 ,0.00001
0.05565 ,0.00001 ,0.05601 ,0.00001
0.05627 ,0.00001 ,0.05662 ,0.00001
0.05687 ,0.00001 ,0.05722 ,0.00001
0.05744 ,0.00001 ,0.05780 ,0.00001
0.05799 ,0.00000 ,0.05835 ,0.00000
0.05852 ,0.00000 ,0.05887 ,0.00000
0.05902 ,0.00000 ,0.05937 ,0.00000
0.05901 ,0.00000 ,0.05936 ,0.00000
0.05953 ,0.00000 ,0.05988 ,0.00000
0.05997 ,0.00000 ,0.06032 ,0.00000
0.06037 ,0.00000 ,0.06071 ,0.00000
0.06073 ,0.00000 ,0.06107 ,0.00000
0.06104 ,0.00000 ,0.06138 ,0.00000
0.06130 ,0.00000 ,0.06164 ,0.00000
0.06151 ,0.00000 ,0.06185 ,0.00000
0.06167 ,0.00000 ,0.06200 ,0.00000
0.06168 ,0.00000 ,0.06201 ,0.00000
0.06178 ,0.00000 ,0.06210 ,0.00000
0.06180 ,0.00000 ,0.06212 ,0.00000
0.06175 ,0.00000 ,0.06207 ,0.00000
0.06163 ,0.00000 ,0.06194 ,0.00000
0.06161 ,0.00000 ,0.06191 ,0.00000
0.06138 ,0.00000 ,0.06167 ,0.00000
0.06107 ,0.00000 ,0.06136 ,0.00000
0.06068 ,0.00000 ,0.06096 ,0.00000
0.06059 ,0.00000 ,0.06086 ,0.00000
0.06004 ,0.00000 ,0.06031 ,0.00000
0.05940 ,0.00000 ,0.05967 ,0.00000
0.05924 ,0.00000 ,0.05950 ,0.00000
0.05843 ,0.00000 ,0.05869 ,0.00000
0.05808 ,0.00000 ,0.05833 ,0.00000
0.05718 ,0.00000 ,0.05742 ,0.00000
0.05690 ,0.00000 ,0.05714 ,0.00000
0.05575 ,0.00000 ,0.05598 ,0.00000
0.05520 ,0.00000 ,0.05543 ,0.00000
0.05397 ,0.00000 ,0.05419 ,0.00000
0.05335 ,0.00000 ,0.05356 ,0.00000
0.05272 ,0.00000 ,0.05293 ,0.00000
0.05128 ,0.00000 ,0.05148 ,0.00000
0.05049 ,0.00000 ,0.05069 ,0.00000
0.04888 ,0.00000 ,0.04907 ,0.00000
0.04797 ,0.00000 ,0.04816 ,0.00000
0.04708 ,0.00000 ,0.04726 ,0.00000
0.04615 ,0.00000 ,0.04632 ,0.00000
0.04427 ,0.00000 ,0.04442 ,0.00000
0.04315 ,0.00000 ,0.04330 ,0.00000
0.04205 ,0.00000 ,0.04220 ,0.00000
0.04092 ,0.00000 ,0.04107 ,0.00000
0.03975 ,0.00000 ,0.03989 ,0.00000
0.03762 ,0.00000 ,0.03775 ,0.00000
0.03628 ,0.00000 ,0.03641 ,0.00000
0.03500 ,0.00000 ,0.03512 ,0.00000
0.03369 ,0.00000 ,0.03381 ,0.00000
0.03236 ,0.00000 ,0.03247 ,0.00000
0.03102 ,0.00000 ,0.03113 ,0.00000
0.02966 ,0.00000 ,0.02976 ,0.00000
0.02938 ,0.00000 ,0.02949 ,0.00000
0.02793 ,0.00000 ,0.02803 ,0.00000
0.02649 ,0.00000 ,0.02659 ,0.00000
0.02509 ,0.00000 ,0.02518 ,0.00000
0.02371 ,0.00000 ,0.02380 ,0.00000
0.02235 ,0.00000 ,0.02244 ,0.00000
0.02101 ,0.00000 ,0.02109 ,0.00000
0.01970 ,0.00000 ,0.01977 ,0.00000
0.01908 ,0.00000 ,0.01915 ,0.00000
0.01787 ,0.00000 ,0.01794 ,0.00000
0.01665 ,0.00000 ,0.01671 ,0.00000
0.01545 ,0.00000 ,0.01551 ,0.00000
0.01430 ,0.00000 ,0.01435 ,0.00000
0.01319 ,0.00000 ,0.01324 ,0.00000
0.01264 ,0.00000 ,0.01268 ,0.00000
0.01164 ,0.00000 ,0.01169 ,0.00000
0.01112 ,0.00000 ,0.01116 ,0.00000
0.01020 ,0.00000 ,0.01024 ,0.00000
0.00931 ,0.00000 ,0.00934 ,0.00000
0.00884 ,0.00000 ,0.00886 ,0.00000
0.00804 ,0.00000 ,0.00806 ,0.00000
0.00820 ,0.00000 ,0.00822 ,0.00000
0.00732 ,0.00000 ,0.00734 ,0.00000
0.00686 ,0.00000 ,0.00688 ,0.00000
0.00647 ,0.00000 ,0.00648 ,0.00000
0.00610 ,0.00000 ,0.00611 ,0.00000
0.00548 ,0.00000 ,0.00549 ,0.00000
0.00514 ,0.00000 ,0.00515 ,0.00000
0.00483 ,0.00000 ,0.00484 ,0.00000
0.00430 ,0.00000 ,0.00431 ,0.00000
0.00402 ,0.00000 ,0.00403 ,0.00000
0.00375 ,0.00000 ,0.00376 ,0.00000
0.00350 ,0.00000 ,0.00351 ,0.00000
0.00326 ,0.00000 ,0.00327 ,0.00000
0.00304 ,0.00000 ,0.00305 ,0.00000
0.00267 ,0.00000 ,0.00268 ,0.00000
0.00248 ,0.00000 ,0.00248 ,0.00000
0.00229 ,0.00000 ,0.00230 ,0.00000
0.00225 ,0.00000 ,0.00225 ,0.00000
0.00208 ,0.00000 ,0.00208 ,0.00000
0.00192 ,0.00000 ,0.00193 ,0.00000
0.00178 ,0.00000 ,0.00178 ,0.00000
0.00164 ,0.00000 ,0.00164 ,0.00000
0.00151 ,0.00000 ,0.00151 ,0.00000
0.00138 ,0.00000 ,0.00139 ,0.00000
0.00135 ,0.00000 ,0.00136 ,0.00000
0.00124 ,0.00000 ,0.00125 ,0.00000
0.00114 ,0.00000 ,0.00114 ,0.00000
0.00112 ,0.00000 ,0.00112 ,0.00000
0.00102 ,0.00000 ,0.00102 ,0.00000
0.00094 ,0.00000 ,0.00094 ,0.00000
0.00091 ,0.00000 ,0.00092 ,0.00000
0.00084 ,0.00000 ,0.00084 ,0.00000
0.00082 ,0.00000 ,0.00082 ,0.00000
0.00075 ,0.00000 ,0.00075 ,0.00000
0.00073 ,0.00000 ,0.00073 ,0.00000
0.00072 ,0.00000 ,0.00072 ,0.00000
0.00065 ,0.00000 ,0.00065 ,0.00000
0.00064 ,0.00000 ,0.00064 ,0.00000
0.00063 ,0.00000 ,0.00063 ,0.00000
0.00057 ,0.00000 ,0.00057 ,0.00000
0.00056 ,0.00000 ,0.00056 ,0.00000
0.00055 ,0.00000 ,0.00055 ,0.00000
0.00054 ,0.00000 ,0.00054 ,0.00000
0.00053 ,0.00000 ,0.00053 ,0.00000
0.00052 ,0.00000 ,0.00052 ,0.00000
0.00047 ,0.00000 ,0.00047 ,0.00000
0.00046 ,0.00000 ,0.00046 ,0.00000
0.00045 ,0.00000 ,0.00045 ,0.00000
0.00045 ,0.00000 ,0.00045 ,0.00000
0.00044 ,0.00000 ,0.00044 ,0.00000
0.00043 ,0.00000 ,0.00043 ,0.00000
0.00046 ,0.00000 ,0.00046 ,0.00000
0.00042 ,0.00000 ,0.00042 ,0.00000
0.00041 ,0.00000 ,0.00041 ,0.00000
0.00044 ,0.00000 ,0.00044 ,0.00000
0.00043 ,0.00000 ,0.00043 ,0.00000
0.00039 ,0.00000 ,0.00039 ,0.00000
0.00042 ,0.00000 ,0.00042 ,0.00000
0.00041 ,0.00000 ,0.00041 ,0.00000
0.00040 ,0.00000 ,0.00040 ,0.00000
0.00039 ,0.00000 ,0.00039 ,0.00000
0.00042 ,0.00000 ,0.00042 ,0.00000
0.00041 ,0.00000 ,0.00041 ,0.00000
0.00040 ,0.00000 ,0.00040 ,0.00000
0.00043 ,0.00000 ,0.00043 ,0.00000
0.00042 ,0.00000 ,0.00042 ,0.00000
0.00045 ,0.00000 ,0.00045 ,0.00000
0.00049 ,0.00000 ,0.00048 ,0.00000
0.00048 ,0.00000 ,0.00047 ,0.00000
0.00047 ,0.00000 ,0.00046 ,0.00000
0.00050 ,0.00000 ,0.00049 ,0.00000
0.00053 ,0.00000 ,0.00053 ,0.00000
0.00057 ,0.00000 ,0.00057 ,0.00000
0.00056 ,0.00000 ,0.00055 ,0.00000
0.00059 ,0.00000 ,0.00059 ,0.00000
0.00063 ,0.00000 ,0.00063 ,0.00000
0.00067 ,0.00000 ,0.00067 ,0.00000
0.00072 ,0.00000 ,0.00071 ,0.00000
0.00070 ,0.00000 ,0.00069 ,0.00000
0.00074 ,0.00000 ,0.00074 ,0.00000
0.00079 ,0.00000 ,0.00078 ,0.00000
0.00083 ,0.00000 ,0.00083 ,0.00000
0.00088 ,0.00000 ,0.00088 ,0.00000
0.00093 ,0.00000 ,0.00093 ,0.00000
0.00099 ,0.00000 ,0.00098 ,0.00000
0.00104 ,0.00000 ,0.00104 ,0.00000
0.00110 ,0.00000 ,0.00109 ,0.00000
0.00116 ,0.00000 ,0.00115 ,0.00000
0.00122 ,0.00000 ,0.00121 ,0.00000
0.00128 ,0.00000 ,0.00127 ,0.00000
0.00134 ,0.00000 ,0.00133 ,0.00000
0.00140 ,0.00000 ,0.00139 ,0.00000
0.00147 ,0.00000 ,0.00146 ,0.00000
0.00167 ,0.00000 ,0.00166 ,0.00000
0.00174 ,0.00000 ,0.00173 ,0.00000
0.00182 ,0.00000 ,0.00181 ,0.00000
0.00205 ,0.00000 ,0.00204 ,0.00000
0.00214 ,0.00000 ,0.00213 ,0.00000
0.00240 ,0.00000 ,0.00239 ,0.00000
0.00250 ,0.00000 ,0.00249 ,0.00000
0.00259 ,0.00000 ,0.00257 ,0.00000
0.00289 ,0.00000 ,0.00287 ,0.00000
0.00323 ,0.00000 ,0.00321 ,0.00000
0.00334 ,0.00000 ,0.00332 ,0.00000
0.00370 ,0.00000 ,0.00368 ,0.00000
0.00382 ,0.00000 ,0.00380 ,0.00000
0.00422 ,0.00000 ,0.00420 ,0.00000
0.00434 ,0.00000 ,0.00432 ,0.00000
0.00477 ,0.00000 ,0.00474 ,0.00000
0.00525 ,0.00000 ,0.00522 ,0.00000
0.00576 ,0.00000 ,0.00573 ,0.00000
0.00631 ,0.00000 ,0.00628 ,0.00000
0.00646 ,0.00000 ,0.00643 ,0.00000
0.00702 ,0.00000 ,0.00698 ,0.00000
0.00763 ,0.00000 ,0.00759 ,0.00000
0.00829 ,0.00000 ,0.00824 ,0.00000
0.00898 ,0.00000 ,0.00893 ,0.00000
0.00970 ,0.00000 ,0.00965 ,0.00000
0.01046 ,0.00000 ,0.01041 ,0.00000
0.01062 ,0.00000 ,0.01057 ,0.00000
0.01136 ,0.00000 ,0.01130 ,0.00000
0.01217 ,0.00000 ,0.01211 ,0.00000
0.01301 ,0.00000 ,0.01295 ,0.00000
0.01445 ,0.00000 ,0.01438 ,0.00000
0.01476 ,0.00000 ,0.01468 ,0.00000
0.01635 ,0.00000 ,0.01626 ,0.00000
0.01665 ,0.00000 ,0.01657 ,0.00000
0.01765 ,0.00000 ,0.01756 ,0.00000
0.01867 ,0.00000 ,0.01857 ,0.00000
0.01879 ,0.00000 ,0.01870 ,0.00000
0.01973 ,0.00000 ,0.01962 ,0.00000
0.02073 ,0.00000 ,0.02063 ,0.00000
0.02245 ,0.00000 ,0.02233 ,0.00000
0.02376 ,0.00000 ,0.02364 ,0.00000
0.02002 ,0.00000 ,0.01992 ,0.00000
0.02239 ,0.00000 ,0.02228 ,0.00000
0.02462 ,0.00000 ,0.02450 ,0.00000
0.02583 ,0.00000 ,0.02571 ,0.00000
0.02696 ,0.00000 ,0.02683 ,0.00000
0.03484 ,0.00000 ,0.03467 ,0.00000
0.03096 ,0.00000 ,0.03081 ,0.00000
0.03741 ,0.00000 ,0.03723 ,0.00000
0.04015 ,0.00000 ,0.03996 ,0.00000
0.03569 ,0.00000 ,0.03553 ,0.00000
0.04199 ,0.00000 ,0.04180 ,0.00000
0.04344 ,0.00000 ,0.04324 ,0.00000
0.04534 ,0.00000 ,0.04513 ,0.00000
0.04654 ,0.00000 ,0.04633 ,0.00000
0.04204 ,0.00000 ,0.04185 ,0.00000
0.04797 ,0.00000 ,0.04775 ,0.00000
0.04919 ,0.00000 ,0.04896 ,0.00000
0.05078 ,0.00000 ,0.05055 ,0.00000
0.05177 ,0.00000 ,0.05154 ,0.00000
0.04761 ,0.00000 ,0.04739 ,0.00000
0.05382 ,0.00000 ,0.05357 ,0.00000
0.05479 ,0.00000 ,0.05453 ,0.00000
0.05624 ,0.00000 ,0.05598 ,0.00000
0.05755 ,0.00000 ,0.05728 ,0.00000
0.05807 ,0.00000 ,0.05779 ,0.00000
0.05887 ,0.00000 ,0.05859 ,0.00000
0.05989 ,0.00000 ,0.05960 ,0.00000
0.06028 ,0.00000 ,0.05998 ,0.00000
0.06082 ,0.00000 ,0.06052 ,0.00000
0.06112 ,0.00000 ,0.06081 ,0.00000
0.06134 ,0.00000 ,0.06103 ,0.00000
0.06166 ,0.00000 ,0.06135 ,0.00000
0.06022 ,0.00000 ,0.05992 ,0.00000
0.06202 ,0.00000 ,0.06171 ,0.00000
0.06209 ,0.00000 ,0.06177 ,0.00000
0.06211 ,0.00000 ,0.06181 ,0.00000
0.06209 ,0.00000 ,0.06179 ,0.00000
0.06198 ,0.00000 ,0.06168 ,0.00000
0.06188 ,0.00000 ,0.06158 ,0.00000
0.06178 ,0.00000 ,0.06148 ,0.00000
0.06153 ,0.00000 ,0.06123 ,0.00000
0.06135 ,0.00000 ,0.06106 ,0.00000
0.06098 ,0.00000 ,0.06068 ,0.00000
0.06074 ,0.00000 ,0.06044 ,0.00000
0.06025 ,0.00000 ,0.05995 ,0.00000
0.05997 ,0.00000 ,0.05967 ,0.00000
0.05939 ,0.00000 ,0.05908 ,0.00000
0.05848 ,0.00000 ,0.05818 ,0.00000
0.05818 ,0.00000 ,0.05788 ,0.00000
0.05749 ,0.00001 ,0.05718 ,0.00001
0.05642 ,0.00001 ,0.05612 ,0.00001
0.05533 ,0.00001 ,0.05502 ,0.00001
0.05423 ,0.00001 ,0.05391 ,0.00001
0.05394 ,0.00001 ,0.05362 ,0.00001
0.05371 ,0.00001 ,0.05338 ,0.00001
0.05289 ,0.00001 ,0.05257 ,0.00001
0.05252 ,0.00001 ,0.05218 ,0.00001
0.05150 ,0.00001 ,0.05117 ,0.00001
0.05111 ,0.00001 ,0.05077 ,0.00002
0.05009 ,0.00002 ,0.04975 ,0.00002
0.04970 ,0.00002 ,0.04937 ,0.00002
0.04867 ,0.00002 ,0.04832 ,0.00002
0.04729 ,0.00002 ,0.04694 ,0.00002
0.04699 ,0.00002 ,0.04665 ,0.00002
0.04601 ,0.00003 ,0.04566 ,0.00003
0.04566 ,0.00003 ,0.04531 ,0.00003
0.04458 ,0.00003 ,0.04422 ,0.00003
0.04316 ,0.00004 ,0.04282 ,0.00004
0.04185 ,0.00004 ,0.04151 ,0.00004
0.04161 ,0.00004 ,0.04127 ,0.00004
0.04065 ,0.00005 ,0.04030 ,0.00005
0.04034 ,0.00005 ,0.04000 ,0.00005
0.03928 ,0.00006 ,0.03894 ,0.00006
0.03789 ,0.00006 ,0.03756 ,0.00006
0.03665 ,0.00007 ,0.03632 ,0.00007
0.03543 ,0.00008 ,0.03511 ,0.00008
0.03523 ,0.00008 ,0.03490 ,0.00008
0.03430 ,0.00009 ,0.03399 ,0.00009
0.03406 ,0.00009 ,0.03374 ,0.00009
0.03309 ,0.00010 ,0.03278 ,0.00010
0.03284 ,0.00010 ,0.03253 ,0.00010
0.03279 ,0.00010 ,0.03248 ,0.00010
0.03197 ,0.00011 ,0.03166 ,0.00011
0.03071 ,0.00013 ,0.03041 ,0.00013
0.03059 ,0.00013 ,0.03029 ,0.00013
0.03059 ,0.00013 ,0.03028 ,0.00013
0.02982 ,0.00014 ,0.02952 ,0.00014
0.02964 ,0.00014 ,0.02934 ,0.00014
0.02879 ,0.00015 ,0.02850 ,0.00015
0.02861 ,0.00016 ,0.02831 ,0.00016
0.02783 ,0.00017 ,0.02753 ,0.00017
0.02766 ,0.00017 ,0.02736 ,0.00017
0.02690 ,0.00018 ,0.02661 ,0.00019
0.02674 ,0.00019 ,0.02645 ,0.00019
0.02602 ,0.00020 ,0.02573 ,0.00020
0.02493 ,0.00022 ,0.02465 ,0.00023
0.02489 ,0.00022 ,0.02461 ,0.00023
0.02424 ,0.00024 ,0.02397 ,0.00024
0.02412 ,0.00024 ,0.02385 ,0.00025
0.02421 ,0.00024 ,0.02393 ,0.00024
0.02434 ,0.00024 ,0.02406 ,0.00024
0.02377 ,0.00025 ,0.02350 ,0.00025
0.02277 ,0.00028 ,0.02250 ,0.00028
0.02277 ,0.00028 ,0.02250 ,0.00028
0.02218 ,0.00030 ,0.02192 ,0.00030
0.02210 ,0.00030 ,0.02184 ,0.00030
0.02151 ,0.00032 ,0.02126 ,0.00032
0.02143 ,0.00032 ,0.02118 ,0.00032
0.02089 ,0.00034 ,0.02064 ,0.00034
0.02081 ,0.00034 ,0.02057 ,0.00034
0.02029 ,0.00036 ,0.02005 ,0.00036
0.02022 ,0.00036 ,0.01998 ,0.00037
0.02038 ,0.00036 ,0.02015 ,0.00036
0.01993 ,0.00037 ,0.01970 ,0.00038
0.01990 ,0.00037 ,0.01966 ,0.00038
0.02006 ,0.00037 ,0.01982 ,0.00037
0.01962 ,0.00039 ,0.01939 ,0.00039
0.01959 ,0.00039 ,0.01937 ,0.00039
0.01977 ,0.00038 ,0.01954 ,0.00038
0.01934 ,0.00040 ,0.01912 ,0.00040
0.02024 ,0.00036 ,0.02000 ,0.00037
0.01981 ,0.00038 ,0.01958 ,0.00038
0.01979 ,0.00038 ,0.01955 ,0.00038
0.02000 ,0.00037 ,0.01977 ,0.00037
0.01961 ,0.00039 ,0.01937 ,0.00039
0.01963 ,0.00039 ,0.01939 ,0.00039
0.01982 ,0.00038 ,0.01959 ,0.00038
0.02007 ,0.00037 ,0.01983 ,0.00037
0.02033 ,0.00036 ,0.02009 ,0.00036
0.01997 ,0.00037 ,0.01972 ,0.00038
0.02001 ,0.00037 ,0.01977 ,0.00037
0.02022 ,0.00036 ,0.01997 ,0.00037
0.02049 ,0.00035 ,0.02023 ,0.00036
0.02077 ,0.00034 ,0.02051 ,0.00035
0.02041 ,0.00035 ,0.02016 ,0.00036
0.02049 ,0.00035 ,0.02023 ,0.00036
0.02071 ,0.00034 ,0.02045 ,0.00035
0.02098 ,0.00033 ,0.02072 ,0.00034
0.02063 ,0.00035 ,0.02038 ,0.00035
0.02166 ,0.00031 ,0.02139 ,0.00032
0.02123 ,0.00033 ,0.02097 ,0.00033
0.02129 ,0.00032 ,0.02103 ,0.00033
0.02157 ,0.00031 ,0.02131 ,0.00032
0.02188 ,0.00030 ,0.02162 ,0.00031
0.02221 ,0.00029 ,0.02194 ,0.00030
0.02189 ,0.00030 ,0.02163 ,0.00031
0.02201 ,0.00030 ,0.02175 ,0.00030
0.02225 ,0.00029 ,0.02198 ,0.00030
0.02256 ,0.00028 ,0.02229 ,0.00029
0.02290 ,0.00027 ,0.02263 ,0.00028
0.02325 ,0.00026 ,0.02298 ,0.00027
0.02361 ,0.00026 ,0.02334 ,0.00026
0.02397 ,0.00025 ,0.02370 ,0.00025
0.02434 ,0.00024 ,0.02406 ,0.00024
0.02471 ,0.00023 ,0.02443 ,0.00023
0.02508 ,0.00022 ,0.02480 ,0.00022
0.02481 ,0.00023 ,0.02454 ,0.00023
0.02497 ,0.00022 ,0.02470 ,0.00023
0.02521 ,0.00022 ,0.02494 ,0.00022
0.02555 ,0.00021 ,0.02527 ,0.00021
0.02527 ,0.00022 ,0.02500 ,0.00022
0.02646 ,0.00019 ,0.02618 ,0.00019
0.02760 ,0.00017 ,0.02731 ,0.00017
0.02754 ,0.00017 ,0.02725 ,0.00017
0.02766 ,0.00017 ,0.02738 ,0.00017
0.02797 ,0.00017 ,0.02769 ,0.00017
0.02835 ,0.00016 ,0.02807 ,0.00016
0.02875 ,0.00015 ,0.02847 ,0.00016
0.02917 ,0.00015 ,0.02888 ,0.00015
0.02958 ,0.00014 ,0.02930 ,0.00014
0.03001 ,0.00014 ,0.02972 ,0.00014
0.03043 ,0.00013 ,0.03014 ,0.00013
0.03086 ,0.00013 ,0.03057 ,0.00013
0.03129 ,0.00012 ,0.03099 ,0.00012
0.03171 ,0.00012 ,0.03143 ,0.00012
0.03215 ,0.00011 ,0.03186 ,0.00011
0.03258 ,0.00011 ,0.03229 ,0.00011
0.03302 ,0.00010 ,0.03273 ,0.00010
0.03345 ,0.00010 ,0.03317 ,0.00010
0.03502 ,0.00008 ,0.03472 ,0.00008
0.03550 ,0.00008 ,0.03520 ,0.00008
0.03595 ,0.00008 ,0.03565 ,0.00008
0.03640 ,0.00007 ,0.03610 ,0.00007
0.03684 ,0.00007 ,0.03654 ,0.00007
0.03685 ,0.00007 ,0.03655 ,0.00007
0.03809 ,0.00006 ,0.03779 ,0.00006
0.03944 ,0.00005 ,0.03912 ,0.00005
0.03910 ,0.00006 ,0.03880 ,0.00006
0.03925 ,0.00006 ,0.03895 ,0.00006
0.03955 ,0.00005 ,0.03925 ,0.00005
0.03994 ,0.00005 ,0.03963 ,0.00005
0.04149 ,0.00004 ,0.04117 ,0.00004
0.04196 ,0.00004 ,0.04162 ,0.00004
0.04240 ,0.00004 ,0.04206 ,0.00004
0.04246 ,0.00004 ,0.04211 ,0.00004
0.04364 ,0.00004 ,0.04328 ,0.00004
0.04382 ,0.00003 ,0.04345 ,0.00004
0.04416 ,0.00003 ,0.04379 ,0.00003
0.04455 ,0.00003 ,0.04417 ,0.00003
0.04605 ,0.00003 ,0.04565 ,0.00003
0.04592 ,0.00003 ,0.04551 ,0.00003
0.04711 ,0.00002 ,0.04669 ,0.00002
0.04671 ,0.00003 ,0.04628 ,0.00003
0.04683 ,0.00003 ,0.04638 ,0.00003
0.04709 ,0.00002 ,0.04664 ,0.00002
0.04745 ,0.00002 ,0.04698 ,0.00002
0.04783 ,0.00002 ,0.04735 ,0.00002
0.04822 ,0.00002 ,0.04773 ,0.00002
0.04964 ,0.00002 ,0.04912 ,0.00002
0.05004 ,0.00002 ,0.04951 ,0.00002
0.05042 ,0.00002 ,0.04987 ,0.00002
0.05079 ,0.00002 ,0.05023 ,0.00002
0.05116 ,0.00002 ,0.05058 ,0.00002
0.05152 ,0.00001 ,0.05093 ,0.00001
0.05188 ,0.00001 ,0.05127 ,0.00001
0.05315 ,0.00001 ,0.05251 ,0.00001
0.05311 ,0.00001 ,0.05247 ,0.00001
0.05317 ,0.00001 ,0.05253 ,0.00001
0.05334 ,0.00001 ,0.05267 ,0.00001
0.05361 ,0.00001 ,0.05293 ,0.00001
0.05391 ,0.00001 ,0.05322 ,0.00001
0.05422 ,0.00001 ,0.05352 ,0.00001
0.05616 ,0.00001 ,0.05542 ,0.00001
0.05516 ,0.00001 ,0.05443 ,0.00001
0.05600 ,0.00001 ,0.05525 ,0.00001
0.05693 ,0.00001 ,0.05617 ,0.00001
0.05684 ,0.00001 ,0.05607 ,0.00001
0.05690 ,0.00001 ,0.05612 ,0.00001
0.05708 ,0.00001 ,0.05630 ,0.00001
0.05800 ,0.00001 ,0.05720 ,0.00001
0.05800 ,0.00001 ,0.05718 ,0.00001
0.05866 ,0.00000 ,0.05782 ,0.00000
0.05848 ,0.00000 ,0.05765 ,0.00000
0.05908 ,0.00000 ,0.05823 ,0.00000
0.05917 ,0.00000 ,0.05831 ,0.00000
0.05932 ,0.00000 ,0.05846 ,0.00000
0.05950 ,0.00000 ,0.05863 ,0.00000
0.05968 ,0.00000 ,0.05880 ,0.00000
0.05985 ,0.00000 ,0.05897 ,0.00000
0.06051 ,0.00000 ,0.05961 ,0.00000
0.06067 ,0.00000 ,0.05976 ,0.00000
0.06072 ,0.00000 ,0.05980 ,0.00000
0.06110 ,0.00000 ,0.06017 ,0.00000
0.06114 ,0.00000 ,0.06020 ,0.00000
0.06112 ,0.00000 ,0.06018 ,0.00000
0.06108 ,0.00000 ,0.06014 ,0.00000
0.06147 ,0.00000 ,0.06051 ,0.00000
0.06156 ,0.00000 ,0.06059 ,0.00000
0.06157 ,0.00000 ,0.06060 ,0.00000
0.06184 ,0.00000 ,0.06085 ,0.00000
0.06186 ,0.00000 ,0.06087 ,0.00000
0.06192 ,0.00000 ,0.06092 ,0.00000
0.06193 ,0.00000 ,0.06093 ,0.00000
0.06213 ,0.00000 ,0.06112 ,0.00000
0.06215 ,0.00000 ,0.06113 ,0.00000
0.06219 ,0.00000 ,0.06116 ,0.00000
0.06224 ,0.00000 ,0.06120 ,0.00000
0.06229 ,0.00000 ,0.06124 ,0.00000
0.06233 ,0.00000 ,0.06128 ,0.00000
0.06237 ,0.00000 ,0.06131 ,0.00000
0.06240 ,0.00000 ,0.06134 ,0.00000
0.06242 ,0.00000 ,0.06134 ,0.00000
0.06249 ,0.00000 ,0.06139 ,0.00000
0.06247 ,0.00000 ,0.06137 ,0.00000
0.06247 ,0.00000 ,0.06136 ,0.00000
0.06247 ,0.00000 ,0.06135 ,0.00000
0.06249 ,0.00000 ,0.06136 ,0.00000
0.06251 ,0.00000 ,0.06137 ,0.00000
0.06252 ,0.00000 ,0.06138 ,0.00000
0.06253 ,0.00000 ,0.06138 ,0.00000
0.06253 ,0.00000 ,0.06137 ,0.00000
0.06254 ,0.00000 ,0.06137 ,0.00000
0.06254 ,0.00000 ,0.06137 ,0.00000
0.06254 ,0.00000 ,0.06136 ,0.00000
0.06254 ,0.00000 ,0.06135 ,0.00000
0.06253 ,0.00000 ,0.06133 ,0.00000
0.06252 ,0.00000 ,0.06131 ,0.00000
0.06250 ,0.00000 ,0.06129 ,0.00000
0.06248 ,0.00000 ,0.06126 ,0.00000
0.06246 ,0.00000 ,0.06123 ,0.00000
0.06244 ,0.00000 ,0.06120 ,0.00000
0.06241 ,0.00000 ,0.06117 ,0.00000
0.06238 ,0.00000 ,0.06113 ,0.00000
0.06235 ,0.00000 ,0.06110 ,0.00000
0.06232 ,0.00000 ,0.06106 ,0.00000
0.06228 ,0.00000 ,0.06102 ,0.00000
0.06224 ,0.00000 ,0.06097 ,0.00000
0.06221 ,0.00000 ,0.06093 ,0.00000
0.06217 ,0.00000 ,0.06088 ,0.00000
0.06217 ,0.00000 ,0.06089 ,0.00000
0.06223 ,0.00000 ,0.06093 ,0.00000
0.06225 ,0.00000 ,0.06094 ,0.00000
0.06224 ,0.00000 ,0.06092 ,0.00000
0.06221 ,0.00000 ,0.06089 ,0.00000
0.06223 ,0.00000 ,0.06090 ,0.00000
0.06228 ,0.00000 ,0.06094 ,0.00000
0.06230 ,0.00000 ,0.06096 ,0.00000
0.06235 ,0.00000 ,0.06100 ,0.00000
0.06239 ,0.00000 ,0.06105 ,0.00000
0.06242 ,0.00000 ,0.06106 ,0.00000
0.06241 ,0.00000 ,0.06105 ,0.00000
0.06243 ,0.00000 ,0.06106 ,0.00000
0.06247 ,0.00000 ,0.06110 ,0.00000
0.06249 ,0.00000 ,0.06111 ,0.00000
0.06253 ,0.00000 ,0.06114 ,0.00000
0.06256 ,0.00000 ,0.06117 ,0.00000
0.06245 ,0.00000 ,0.06106 ,0.00000
0.06263 ,0.00000 ,0.06123 ,0.00000
0.06257 ,0.00000 ,0.06116 ,0.00000
0.06261 ,0.00000 ,0.06120 ,0.00000
0.06263 ,0.00000 ,0.06121 ,0.00000
0.06263 ,0.00000 ,0.06121 ,0.00000
0.06265 ,0.00000 ,0.06122 ,0.00000
0.06266 ,0.00000 ,0.06124 ,0.00000
0.06267 ,0.00000 ,0.06124 ,0.00000
0.06268 ,0.00000 ,0.06125 ,0.00000
0.06268 ,0.00000 ,0.06125 ,0.00000
0.06268 ,0.00000 ,0.06125 ,0.00000
0.06268 ,0.00000 ,0.06125 ,0.00000
0.06268 ,0.00000 ,0.06125 ,0.00000
0.06268 ,0.00000 ,0.06125 ,0.00000
0.06267 ,0.00000 ,0.06124 ,0.00000
0.06258 ,0.00000 ,0.06115 ,0.00000
0.06266 ,0.00000 ,0.06122 ,0.00000
0.06264 ,0.00000 ,0.06121 ,0.00000
0.06250 ,0.00000 ,0.06107 ,0.00000
0.06247 ,0.00000 ,0.06103 ,0.00000
0.06241 ,0.00000 ,0.06097 ,0.00000
0.06251 ,0.00000 ,0.06107 ,0.00000
0.06242 ,0.00000 ,0.06098 ,0.00000
0.06214 ,0.00000 ,0.06070 ,0.00000
0.06231 ,0.00000 ,0.06087 ,0.00000
0.06220 ,0.00000 ,0.06076 ,0.00000
0.06213 ,0.00000 ,0.06069 ,0.00000
0.06180 ,0.00000 ,0.06037 ,0.00000
0.06177 ,0.00000 ,0.06033 ,0.00000
0.06166 ,0.00000 ,0.06022 ,0.00000
0.06153 ,0.00000 ,0.06010 ,0.00000
0.06144 ,0.00000 ,0.06001 ,0.00000
0.06128 ,0.00000 ,0.05985 ,0.00000
0.06068 ,0.00000 ,0.05926 ,0.00000
0.06055 ,0.00000 ,0.05913 ,0.00000
0.06031 ,0.00000 ,0.05890 ,0.00000
0.06011 ,0.00000 ,0.05870 ,0.00000
0.05998 ,0.00000 ,0.05857 ,0.00000
0.05992 ,0.00000 ,0.05851 ,0.00000
0.05988 ,0.00000 ,0.05848 ,0.00000
0.05967 ,0.00000 ,0.05828 ,0.00000
0.05883 ,0.00000 ,0.05746 ,0.00000
0.05797 ,0.00001 ,0.05662 ,0.00001
0.05852 ,0.00001 ,0.05716 ,0.00001
0.05809 ,0.00001 ,0.05675 ,0.00001
0.05716 ,0.00001 ,0.05584 ,0.00001
0.05698 ,0.00001 ,0.05566 ,0.00001
0.05658 ,0.00001 ,0.05528 ,0.00001
0.05625 ,0.00001 ,0.05496 ,0.00001
0.05520 ,0.00001 ,0.05394 ,0.00001
0.05420 ,0.00001 ,0.05296 ,0.00001
0.05404 ,0.00001 ,0.05281 ,0.00001
0.05393 ,0.00001 ,0.05271 ,0.00001
0.05384 ,0.00001 ,0.05261 ,0.00001
0.05338 ,0.00001 ,0.05217 ,0.00001
0.05300 ,0.00001 ,0.05181 ,0.00001
0.05269 ,0.00001 ,0.05150 ,0.00001
0.05199 ,0.00001 ,0.05082 ,0.00001
0.05063 ,0.00002 ,0.04949 ,0.00002
0.05129 ,0.00002 ,0.05014 ,0.00002
0.05042 ,0.00002 ,0.04929 ,0.00002
0.04905 ,0.00002 ,0.04796 ,0.00002
0.04875 ,0.00002 ,0.04766 ,0.00002
0.04791 ,0.00002 ,0.04684 ,0.00002
0.04854 ,0.00002 ,0.04746 ,0.00002
0.04743 ,0.00002 ,0.04638 ,0.00002
0.04699 ,0.00003 ,0.04596 ,0.00003
0.04596 ,0.00003 ,0.04495 ,0.00003
0.04444 ,0.00003 ,0.04347 ,0.00003
0.04407 ,0.00003 ,0.04311 ,0.00004
0.04380 ,0.00004 ,0.04285 ,0.00004
0.04280 ,0.00004 ,0.04188 ,0.00004
0.04233 ,0.00004 ,0.04142 ,0.00004
0.04110 ,0.00005 ,0.04022 ,0.00005
0.04058 ,0.00005 ,0.03972 ,0.00005
0.03938 ,0.00006 ,0.03854 ,0.00006
0.03884 ,0.00006 ,0.03802 ,0.00006
0.03850 ,0.00006 ,0.03769 ,0.00006
0.03819 ,0.00006 ,0.03739 ,0.00006
0.03708 ,0.00007 ,0.03630 ,0.00007
0.03652 ,0.00007 ,0.03576 ,0.00008
0.03613 ,0.00008 ,0.03538 ,0.00008
0.03496 ,0.00009 ,0.03424 ,0.00009
0.03333 ,0.00010 ,0.03264 ,0.00010
0.03282 ,0.00010 ,0.03214 ,0.00011
0.03244 ,0.00011 ,0.03178 ,0.00011
0.03133 ,0.00012 ,0.03070 ,0.00012
0.03065 ,0.00013 ,0.03003 ,0.00013
0.03025 ,0.00013 ,0.02964 ,0.00014
0.02988 ,0.00014 ,0.02928 ,0.00014
0.02951 ,0.00014 ,0.02892 ,0.00015
0.02848 ,0.00016 ,0.02790 ,0.00016
0.02777 ,0.00017 ,0.02721 ,0.00017
0.02660 ,0.00019 ,0.02607 ,0.00019
0.02589 ,0.00020 ,0.02537 ,0.00021
0.02541 ,0.00021 ,0.02491 ,0.00022
0.02437 ,0.00024 ,0.02389 ,0.00024
0.02365 ,0.00026 ,0.02319 ,0.00026
0.02318 ,0.00027 ,0.02273 ,0.00027
0.02209 ,0.00030 ,0.02166 ,0.00031
0.02143 ,0.00032 ,0.02102 ,0.00033
0.02097 ,0.00034 ,0.02057 ,0.00034
0.02057 ,0.00035 ,0.02017 ,0.00036
0.02017 ,0.00037 ,0.01978 ,0.00037
0.01897 ,0.00042 ,0.01861 ,0.00042
0.01924 ,0.00040 ,0.01887 ,0.00041
0.01914 ,0.00041 ,0.01878 ,0.00042
0.01789 ,0.00047 ,0.01755 ,0.00048
0.01726 ,0.00050 ,0.01694 ,0.00051
0.01682 ,0.00053 ,0.01650 ,0.00054
0.01642 ,0.00055 ,0.01611 ,0.00056
0.01602 ,0.00058 ,0.01572 ,0.00059
0.01561 ,0.00060 ,0.01532 ,0.00062
0.01521 ,0.00063 ,0.01493 ,0.00065
0.01480 ,0.00067 ,0.01453 ,0.00068
0.01353 ,0.00078 ,0.01328 ,0.00079
0.01380 ,0.00075 ,0.01355 ,0.00077
0.01276 ,0.00086 ,0.01253 ,0.00087
0.01239 ,0.00090 ,0.01216 ,0.00092
0.01212 ,0.00093 ,0.01190 ,0.00095
0.01164 ,0.00099 ,0.01143 ,0.00101
0.01130 ,0.00104 ,0.01110 ,0.00106
0.01094 ,0.00109 ,0.01075 ,0.00111
0.00977 ,0.00129 ,0.00960 ,0.00131
0.00998 ,0.00125 ,0.00981 ,0.00127
0.00984 ,0.00128 ,0.00967 ,0.00130
0.00942 ,0.00136 ,0.00925 ,0.00139
0.00836 ,0.00160 ,0.00822 ,0.00163
0.00855 ,0.00156 ,0.00840 ,0.00158
0.00843 ,0.00159 ,0.00828 ,0.00162
0.00804 ,0.00169 ,0.00790 ,0.00172
0.00776 ,0.00177 ,0.00763 ,0.00180
0.00776 ,0.00177 ,0.00763 ,0.00180
0.00759 ,0.00182 ,0.00746 ,0.00185
0.00723 ,0.00194 ,0.00711 ,0.00197
0.00723 ,0.00194 ,0.00711 ,0.00197
0.00707 ,0.00199 ,0.00696 ,0.00203
0.00673 ,0.00212 ,0.00662 ,0.00216
0.00670 ,0.00213 ,0.00660 ,0.00217
0.00652 ,0.00220 ,0.00642 ,0.00224
0.00619 ,0.00234 ,0.00609 ,0.00238
0.00586 ,0.00250 ,0.00576 ,0.00254
0.00554 ,0.00267 ,0.00546 ,0.00271
0.00552 ,0.00268 ,0.00543 ,0.00272
0.00529 ,0.00281 ,0.00521 ,0.00285
0.00499 ,0.00300 ,0.00492 ,0.00304
0.00470 ,0.00320 ,0.00463 ,0.00325
0.00441 ,0.00343 ,0.00434 ,0.00348
0.00413 ,0.00366 ,0.00407 ,0.00372
0.00412 ,0.00367 ,0.00406 ,0.00372
0.00389 ,0.00389 ,0.00384 ,0.00394
0.00390 ,0.00387 ,0.00385 ,0.00393
0.00367 ,0.00412 ,0.00362 ,0.00418
0.00369 ,0.00410 ,0.00364 ,0.00416
0.00316 ,0.00475 ,0.00312 ,0.00482
0.00322 ,0.00466 ,0.00318 ,0.00473
0.00297 ,0.00503 ,0.00293 ,0.00510
0.00301 ,0.00496 ,0.00297 ,0.00503
0.00278 ,0.00534 ,0.00274 ,0.00541
0.00257 ,0.00572 ,0.00253 ,0.00580
0.00237 ,0.00612 ,0.00234 ,0.00620
0.00218 ,0.00655 ,0.00215 ,0.00664
0.00222 ,0.00646 ,0.00219 ,0.00655
0.00201 ,0.00699 ,0.00199 ,0.00709
0.00205 ,0.00689 ,0.00203 ,0.00698
0.00185 ,0.00748 ,0.00183 ,0.00757
0.00189 ,0.00736 ,0.00186 ,0.00745
0.00169 ,0.00800 ,0.00167 ,0.00811
0.00173 ,0.00787 ,0.00171 ,0.00798
0.00154 ,0.00858 ,0.00152 ,0.00869
0.00139 ,0.00921 ,0.00138 ,0.00933
0.00143 ,0.00903 ,0.00142 ,0.00915
0.00144 ,0.00902 ,0.00142 ,0.00914
0.00126 ,0.00988 ,0.00125 ,0.01000
0.00113 ,0.01064 ,0.00112 ,0.01077
0.00116 ,0.01044 ,0.00115 ,0.01057
0.00102 ,0.01140 ,0.00100 ,0.01154
0.00104 ,0.01126 ,0.00102 ,0.01140
0.00090 ,0.01229 ,0.00089 ,0.01245
0.00092 ,0.01217 ,0.00091 ,0.01232
0.00080 ,0.01323 ,0.00079 ,0.01339
0.00080 ,0.01320 ,0.00079 ,0.01336
0.00078 ,0.01340 ,0.00077 ,0.01357
0.00068 ,0.01447 ,0.00068 ,0.01465
0.00068 ,0.01447 ,0.00068 ,0.01465
0.00066 ,0.01477 ,0.00065 ,0.01495
0.00058 ,0.01587 ,0.00057 ,0.01607
0.00058 ,0.01590 ,0.00057 ,0.01609
0.00055 ,0.01628 ,0.00055 ,0.01648
0.00054 ,0.01649 ,0.00053 ,0.01669
0.00047 ,0.01768 ,0.00047 ,0.01790
0.00047 ,0.01773 ,0.00046 ,0.01795
0.00044 ,0.01822 ,0.00044 ,0.01844
0.00043 ,0.01853 ,0.00042 ,0.01876
0.00041 ,0.01884 ,0.00041 ,0.01907
0.00040 ,0.01916 ,0.00040 ,0.01939
0.00039 ,0.01951 ,0.00038 ,0.01974
0.00037 ,0.01987 ,0.00037 ,0.02010
0.00036 ,0.02024 ,0.00035 ,0.02048
0.00034 ,0.02063 ,0.00034 ,0.02087
0.00033 ,0.02103 ,0.00032 ,0.02128
0.00031 ,0.02145 ,0.00031 ,0.02171
0.00030 ,0.02189 ,0.00030 ,0.02215
0.00029 ,0.02235 ,0.00028 ,0.02261
0.00027 ,0.02282 ,0.00027 ,0.02309
0.00026 ,0.02331 ,0.00026 ,0.02358
0.00025 ,0.02382 ,0.00024 ,0.02409
0.00023 ,0.02434 ,0.00023 ,0.02462
0.00022 ,0.02489 ,0.00022 ,0.02517
0.00024 ,0.02394 ,0.00024 ,0.02421
0.00022 ,0.02484 ,0.00022 ,0.02512
0.00021 ,0.02549 ,0.00021 ,0.02577
0.00020 ,0.02612 ,0.00019 ,0.02641
0.00021 ,0.02515 ,0.00021 ,0.02543
0.00019 ,0.02616 ,0.00019 ,0.02645
0.00018 ,0.02690 ,0.00018 ,0.02720
0.00017 ,0.02762 ,0.00017 ,0.02792
0.00018 ,0.02669 ,0.00018 ,0.02697
0.00017 ,0.02778 ,0.00016 ,0.02807
0.00018 ,0.02702 ,0.00018 ,0.02730
0.00016 ,0.02808 ,0.00016 ,0.02836
0.00015 ,0.02897 ,0.00015 ,0.02926
0.00016 ,0.02824 ,0.00016 ,0.02852
0.00014 ,0.02932 ,0.00014 ,0.02961
0.00013 ,0.03026 ,0.00013 ,0.03055
0.00014 ,0.02961 ,0.00014 ,0.02989
0.00014 ,0.02953 ,0.00014 ,0.02980
0.00013 ,0.03050 ,0.00013 ,0.03078
0.00013 ,0.02996 ,0.00013 ,0.03023
0.00012 ,0.03112 ,0.00012 ,0.03139
0.00013 ,0.03066 ,0.00012 ,0.03093
0.00011 ,0.03191 ,0.00011 ,0.03218
0.00012 ,0.03141 ,0.00012 ,0.03168
0.00012 ,0.03150 ,0.00011 ,0.03176
0.00010 ,0.03255 ,0.00010 ,0.03281
0.00011 ,0.03207 ,0.00011 ,0.03233
0.00010 ,0.03341 ,0.00010 ,0.03367
0.00010 ,0.03303 ,0.00010 ,0.03328
0.00010 ,0.03326 ,0.00010 ,0.03350
0.00009 ,0.03436 ,0.00009 ,0.03461
0.00009 ,0.03390 ,0.00009 ,0.03414
0.00009 ,0.03419 ,0.00009 ,0.03442
0.00009 ,0.03423 ,0.00009 ,0.03447
0.00008 ,0.03540 ,0.00008 ,0.03563
0.00008 ,0.03495 ,0.00008 ,0.03518
0.00008 ,0.03532 ,0.00008 ,0.03554
0.00007 ,0.03661 ,0.00007 ,0.03684
0.00007 ,0.03625 ,0.00007 ,0.03647
0.00007 ,0.03666 ,0.00007 ,0.03688
0.00007 ,0.03687 ,0.00007 ,0.03710
0.00007 ,0.03702 ,0.00007 ,0.03725
0.00007 ,0.03716 ,0.00007 ,0.03739
0.00007 ,0.03731 ,0.00007 ,0.03753
0.00006 ,0.03747 ,0.00006 ,0.03769
0.00006 ,0.03765 ,0.00006 ,0.03787
0.00006 ,0.03785 ,0.00006 ,0.03806
0.00006 ,0.03807 ,0.00006 ,0.03827
0.00006 ,0.03830 ,0.00006 ,0.03850
0.00007 ,0.03686 ,0.00007 ,0.03704
0.00006 ,0.03750 ,0.00006 ,0.03768
0.00006 ,0.03787 ,0.00006 ,0.03805
0.00006 ,0.03821 ,0.00006 ,0.03838
0.00006 ,0.03855 ,0.00006 ,0.03871
0.00006 ,0.03890 ,0.00006 ,0.03906
0.00006 ,0.03760 ,0.00006 ,0.03775
0.00006 ,0.03832 ,0.00006 ,0.03847
0.00006 ,0.03881 ,0.00006 ,0.03894
0.00006 ,0.03766 ,0.00006 ,0.03779
0.00006 ,0.03837 ,0.00006 ,0.03848
0.00007 ,0.03740 ,0.00007 ,0.03751
0.00007 ,0.03685 ,0.00007 ,0.03696
0.00007 ,0.03747 ,0.00006 ,0.03756
0.00006 ,0.03804 ,0.00006 ,0.03813
0.00007 ,0.03709 ,0.00007 ,0.03717
0.00006 ,0.03792 ,0.00006 ,0.03799
0.00007 ,0.03705 ,0.00007 ,0.03711
0.00006 ,0.03791 ,0.00006 ,0.03796
0.00007 ,0.03709 ,0.00007 ,0.03713
0.00006 ,0.03797 ,0.00006 ,0.03800
0.00007 ,0.03720 ,0.00007 ,0.03722
0.00006 ,0.03811 ,0.00006 ,0.03812
0.00007 ,0.03738 ,0.00007 ,0.03739
0.00007 ,0.03720 ,0.00007 ,0.03719
0.00006 ,0.03790 ,0.00006 ,0.03789
0.00007 ,0.03716 ,0.00007 ,0.03714
0.00007 ,0.03702 ,0.00007 ,0.03699
0.00007 ,0.03665 ,0.00007 ,0.03662
0.00007 ,0.03744 ,0.00007 ,0.03740
0.00007 ,0.03677 ,0.00007 ,0.03673
0.00007 ,0.03670 ,0.00007 ,0.03665
0.00007 ,0.03644 ,0.00007 ,0.03639
0.00007 ,0.03731 ,0.00007 ,0.03724
0.00007 ,0.03670 ,0.00007 ,0.03663
0.00007 ,0.03670 ,0.00007 ,0.03662
0.00007 ,0.03655 ,0.00007 ,0.03646
0.00007 ,0.03635 ,0.00007 ,0.03626
0.00007 ,0.03616 ,0.00007 ,0.03606
0.00008 ,0.03598 ,0.00008 ,0.03587
0.00007 ,0.03695 ,0.00007 ,0.03684
0.00007 ,0.03643 ,0.00007 ,0.03632
0.00007 ,0.03658 ,0.00007 ,0.03646
0.00007 ,0.03658 ,0.00007 ,0.03646
0.00007 ,0.03654 ,0.00007 ,0.03641
0.00007 ,0.03648 ,0.00007 ,0.03636
0.00007 ,0.03644 ,0.00007 ,0.03631
0.00008 ,0.03497 ,0.00008 ,0.03484
0.00008 ,0.03519 ,0.00008 ,0.03505
0.00008 ,0.03522 ,0.00008 ,0.03509
0.00008 ,0.03527 ,0.00008 ,0.03513
0.00008 ,0.03533 ,0.00008 ,0.03519
0.00008 ,0.03541 ,0.00008 ,0.03526
0.00009 ,0.03403 ,0.00009 ,0.03388
0.00009 ,0.03438 ,0.00009 ,0.03423
0.00009 ,0.03456 ,0.00009 ,0.03440
0.00009 ,0.03473 ,0.00009 ,0.03457
0.00010 ,0.03342 ,0.00010 ,0.03326
0.00009 ,0.03385 ,0.00009 ,0.03369
0.00009 ,0.03412 ,0.00009 ,0.03395
0.00010 ,0.03290 ,0.00010 ,0.03273
0.00010 ,0.03339 ,0.00010 ,0.03322
0.00009 ,0.03372 ,0.00010 ,0.03354
0.00011 ,0.03258 ,0.00011 ,0.03241
0.00010 ,0.03312 ,0.00010 ,0.03294
0.00010 ,0.03351 ,0.00010 ,0.03332
0.00011 ,0.03247 ,0.00011 ,0.03229
0.00011 ,0.03179 ,0.00011 ,0.03161
0.00011 ,0.03226 ,0.00011 ,0.03209
0.00010 ,0.03272 ,0.00010 ,0.03254
0.00011 ,0.03182 ,0.00011 ,0.03164
0.00011 ,0.03244 ,0.00011 ,0.03226
0.00012 ,0.03161 ,0.00012 ,0.03144
0.00011 ,0.03226 ,0.00011 ,0.03208
0.00012 ,0.03148 ,0.00012 ,0.03131
0.00012 ,0.03101 ,0.00012 ,0.03084
0.00012 ,0.03157 ,0.00012 ,0.03140
0.00012 ,0.03085 ,0.00013 ,0.03068
0.00013 ,0.03048 ,0.00013 ,0.03032
0.00012 ,0.03107 ,0.00012 ,0.03090
0.00013 ,0.03040 ,0.00013 ,0.03023
0.00013 ,0.03008 ,0.00014 ,0.02992
0.00013 ,0.03074 ,0.00013 ,0.03057
0.00013 ,0.03013 ,0.00013 ,0.02997
0.00014 ,0.02987 ,0.00014 ,0.02970
0.00014 ,0.02950 ,0.00014 ,0.02933
0.00015 ,0.02912 ,0.00015 ,0.02896
0.00014 ,0.02985 ,0.00014 ,0.02968
0.00014 ,0.02934 ,0.00015 ,0.02917
0.00015 ,0.02917 ,0.00015 ,0.02900
0.00015 ,0.02891 ,0.00015 ,0.02875
0.00015 ,0.02864 ,0.00016 ,0.02848
0.00016 ,0.02839 ,0.00016 ,0.02823
0.00016 ,0.02815 ,0.00016 ,0.02799
0.00015 ,0.02900 ,0.00015 ,0.02884
0.00015 ,0.02863 ,0.00016 ,0.02847
0.00016 ,0.02859 ,0.00016 ,0.02843
0.00016 ,0.02848 ,0.00016 ,0.02832
0.00016 ,0.02836 ,0.00016 ,0.02820
0.00016 ,0.02824 ,0.00016 ,0.02809
0.00016 ,0.02815 ,0.00016 ,0.02799
0.00016 ,0.02806 ,0.00016 ,0.02791
0.00016 ,0.02800 ,0.00017 ,0.02785
0.00017 ,0.02796 ,0.00017 ,0.02781
0.00019 ,0.02676 ,0.00019 ,0.02661
0.00018 ,0.02684 ,0.00019 ,0.02669
0.00018 ,0.02686 ,0.00018 ,0.02671
0.00018 ,0.02690 ,0.00018 ,0.02675
0.00018 ,0.02696 ,0.00018 ,0.02681
0.00018 ,0.02704 ,0.00018 ,0.02689
0.00020 ,0.02596 ,0.00020 ,0.02582
0.00020 ,0.02616 ,0.00020 ,0.02602
0.00019 ,0.02630 ,0.00020 ,0.02616
