-0.00000
0.00017
0.00061
0.00137
0.00248
0.00396
0.00581
0.00804
0.01064
0.01360
0.01692
0.02060
0.02464
0.02905
0.03384
0.03900
0.04454
0.05046
0.05677
0.06347
0.07056
0.07804
0.08591
0.09418
0.10284
0.11190
0.12134
0.13118
0.14142
0.15204
0.16306
0.17446
0.18626
0.19844
0.21102
0.22399
0.23734
0.25109
0.26523
0.27975
0.29467
0.30997
0.32567
0.34175
0.35823
0.37509
0.39234
0.40997
0.42800
0.44641
0.46521
0.48439
0.50396
0.52391
0.54425
0.56498
0.58609
0.60759
0.62947
0.65173
0.67437
0.69740
0.72080
0.74459
0.76876
0.79331
0.81825
0.84356
0.86925
0.89532
0.92177
0.94860
0.97580
1.00339
1.03135
1.05969
1.08840
1.11749
1.14696
1.17680
1.20702
1.23762
1.26860
1.29995
1.33169
1.36380
1.39629
1.42917
1.46242
1.49606
1.53008
1.56449
1.59929
1.63448
1.67007
1.70606
1.74246
1.77926
1.81648
1.85412
1.89218
1.93068
1.96961
2.00900
2.04885
2.08917
2.12996
2.17125
2.18349
2.22867
2.27182
2.31528
2.35926
2.40380
2.44895
2.49471
2.51061
2.56094
2.60914
2.65761
2.70676
2.75665
2.77603
2.83079
2.88371
2.93690
2.99092
3.01383
3.07277
3.13038
3.18825
3.21448
3.27709
3.33891
3.40099
3.43089
3.49750
3.56388
3.59973
3.66830
3.70262
3.77439
3.81846
3.88822
3.96078
4.00670
4.07913
4.12657
4.20065
4.24979
4.29736
4.37329
4.42450
4.47413
4.55207
4.60510
4.65652
4.73617
4.79065
4.84354
4.89639
4.97770
5.03353
5.08796
5.14229
5.19680
5.25156
5.30661
5.36195
5.38937
5.44340
5.49902
5.58366
5.59546
5.66255
5.72444
5.78320
5.84131
5.87090
5.89934
5.92747
6.01320
6.02180
6.06464
6.15777
6.13987
6.21217
6.24855
6.30985
6.34145
6.37230
6.43251
6.46398
6.55473
6.50794
6.55052
6.61675
6.65053
6.68320
6.77641
6.72895
6.83489
6.87330
6.82391
6.86996
6.87706
6.91129
6.94484
6.97843
7.01223
7.01417
7.07991
7.06455
7.07715
7.11562
7.15163
7.15421
7.15584
7.19040
7.22581
7.17997
7.29193
7.33293
7.29214
7.30158
7.30640
7.30913
7.31129
7.34825
7.35144
7.31917
7.28549
7.28663
7.28872
7.29142
7.25854
7.26084
7.26402
7.26780
7.23548
7.23885
7.24320
7.21130
7.17850
7.18255
7.15073
7.15574
7.12458
7.13040
7.09987
7.06872
7.03747
7.04433
7.01492
6.98503
6.99336
6.96518
6.93649
6.90781
6.91786
6.85827
6.82728
6.79803
6.73158
6.74204
6.68508
6.65528
6.62786
6.56336
6.53731
6.51315
6.45089
6.42671
6.40430
6.34362
6.32102
6.26094
6.19985
6.17810
6.11934
6.05964
6.03942
5.98231
5.92415
5.90553
5.85011
5.79352
5.73693
5.68065
5.62480
5.60901
5.52627
5.50542
5.45137
5.39758
5.31348
5.29377
5.24170
5.15906
5.10087
5.04698
4.99577
4.94609
4.89740
4.84947
4.80220
4.72699
4.71170
4.63563
4.58202
4.49399
4.48375
4.41260
4.36269
4.28674
4.23653
4.19176
4.12209
4.07385
4.03097
3.96391
3.91774
3.83796
3.79718
3.73436
3.69126
3.65345
3.61929
3.56210
3.52177
3.41044
3.37145
3.30970
3.27483
3.21647
3.18191
3.12564
3.09130
3.03513
2.96354
2.93391
2.90904
2.85966
2.79258
2.76617
2.71554
2.68871
2.63629
2.61050
2.55908
2.49695
2.43773
2.41811
2.40115
2.35675
2.29784
2.27868
2.23297
2.17555
2.15803
2.11357
2.05771
2.04152
1.99828
1.98048
1.93644
1.91896
1.87665
1.82371
1.81029
1.77044
1.71860
1.70587
1.66730
1.65195
1.61365
1.56445
1.55242
1.51620
1.46781
1.42609
1.41235
1.37771
1.36524
1.33047
1.28486
1.27375
1.24267
1.23059
1.19854
1.18698
1.18280
1.15622
1.14476
1.11454
1.10391
1.07491
1.03350
1.02370
1.02245
0.99971
0.98958
0.96274
0.95339
0.92755
0.91855
0.89339
0.88478
0.88523
0.86516
0.85696
0.83317
0.86464
0.84386
0.83687
0.83894
0.84405
0.85013
0.83375
0.82732
0.83025
0.81291
0.80728
0.81091
0.79428
0.78926
0.79352
0.80091
0.80928
1.01291
0.86915
0.85135
0.84907
1.05104
1.04442
0.96186
0.96626
0.97477
1.02201
1.06381
1.05963
1.05986
1.10514
1.14613
1.14167
1.18119
1.21877
1.21388
1.21478
1.26068
1.30279
1.29809
1.29898
1.30656
1.31650
1.36550
1.41027
1.40567
1.40683
1.45332
1.49663
1.49183
1.53228
1.56210
1.56214
1.60573
1.63765
1.63769
1.64242
1.69033
1.71546
1.71921
1.72794
1.77726
1.79000
1.80217
1.81426
1.82636
1.87691
1.89019
1.90268
1.95340
1.96669
2.01761
2.03093
2.04348
2.09422
2.10742
2.11996
2.17071
2.18391
2.19648
2.20886
2.20914
2.40121
2.29410
2.49048
2.69942
2.91051
2.82470
3.01806
3.22961
3.44640
2.77354
2.95615
2.61246
2.80794
3.01247
3.22449
2.66477
2.85778
3.06013
2.97442
3.17065
2.68154
2.87436
2.69088
2.65944
2.66802
2.71783
2.76978
2.78428
2.79771
2.81079
2.82374
3.02976
3.24290
3.46150
3.68488
3.21057
2.91549
2.92359
3.11641
2.98381
3.17810
3.39321
3.61463
3.84120
4.02122
4.21552
4.42839
4.65627
3.66811
3.78596
3.39620
3.25458
3.44197
3.30840
3.26913
3.27623
3.28695
3.29879
3.31106
3.36200
3.37202
3.56042
3.42443
3.31484
3.34664
3.33605
3.33589
3.34145
3.35101
3.32397
3.33288
3.34412
3.35596
3.36799
3.38007
3.35394
3.36292
3.56752
3.57580
3.50250
3.46309
3.46705
3.47578
3.44781
3.45553
3.42749
3.43518
3.63899
3.51642
3.35964
3.35583
3.36270
3.37215
3.34436
3.35206
3.36201
3.37248
3.38309
3.39368
3.36603
3.37336
3.38282
3.35457
3.36153
3.37068
3.34215
3.34885
3.31956
3.32593
3.33457
3.34370
3.31257
3.32001
3.32894
3.53126
3.49078
3.41328
3.41163
3.37823
3.38204
3.38871
3.35771
3.32419
3.32807
3.29639
3.30054
3.28357
3.27993
3.27086
3.26079
3.19222
3.10839
3.06530
3.06587
3.06069
3.24359
3.27399
3.11440
3.10386
2.99301
3.17658
3.12515
3.00639
3.00128
3.19713
2.97816
3.16563
2.86693
2.78980
2.74715
2.74701
2.73913
2.68974
2.68352
2.67127
2.62149
2.57693
2.76924
2.75037
2.51244
2.47201
2.66297
2.68856
2.56859
2.48708
2.48033
2.46660
2.41583
2.36980
2.36691
2.35379
2.34180
2.29603
2.25545
2.25314
2.23917
2.22715
2.18073
2.13954
2.13613
2.11994
2.06925
2.05936
2.03387
2.02265
1.98942
1.94066
1.93293
1.90629
1.89509
1.86052
1.81144
1.80282
1.77289
1.72406
1.71440
1.68235
1.63338
1.58891
1.57872
1.57318
1.54138
1.49183
1.44842
1.43524
1.40051
1.34990
1.30981
1.29228
1.28350
1.25142
1.20036
1.18386
1.17452
1.14368
1.12267
1.08675
1.06502
1.02893
1.00637
0.99362
0.95807
0.93607
0.92294
0.88284
0.86254
0.81724
0.79814
0.74962
0.73033
0.71968
0.66715
0.65062
0.59809
0.58224
0.57113
0.51272
0.49858
0.48836
0.47311
0.40782
0.39683
0.38508
0.31671
0.30667
0.29413
0.22252
0.21374
0.14226
0.13619
0.12114
0.10206
0.02511
0.01887
0.00035
-0.02030
-0.04158
-0.06338
-0.08566
-0.10860
-0.13197
-0.15601
-0.18049
-0.20557
-0.23112
-0.25717
-0.28367
-0.27741
-0.29750
-0.32425
-0.35016
-0.37901
-0.40816
-0.39780
-0.42603
-0.45553
-0.48467
-0.51530
-0.50176
-0.53628
-0.52043
-0.55729
-0.59021
-0.62282
-0.60594
-0.64735
-0.62922
-0.67329
-0.65498
-0.70115
-0.68260
-0.73074
-0.71206
-0.76208
-0.74339
-0.79517
-0.77668
-0.83006
-0.81205
-0.80849
-0.86427
-0.84853
-0.84824
-0.84781
-0.90500
-0.89189
-0.94742
-0.93941
-0.94564
-0.94641
-1.00073
-0.99690
-1.00729
-1.01010
-1.01634
-1.06935
-1.06776
-1.08315
-1.09015
-1.09811
-1.10729
-1.07497
-1.13118
-1.12608
-1.15018
-1.16155
-1.12704
-1.14456
-1.15773
-1.17103
-1.18526
-1.15074
-1.21480
-1.17900
-1.20646
-1.22327
-1.24062
-1.20481
-1.23389
-1.19933
-1.23058
-1.25224
-1.27347
-1.23739
-1.27192
-1.29661
-1.26134
-1.29832
-1.26687
-1.24923
-1.28829
-1.31754
-1.28584
-1.32627
-1.29952
-1.28965
-1.27451
-1.26438
-1.30296
-1.28325
-1.32377
-1.30629
-1.30321
-1.29229
-1.33141
-1.31705
-1.31767
-1.31043
-1.30512
-1.30108
-1.29761
-1.29472
-1.29246
-1.29083
-1.28980
-1.28940
-1.28960
-1.29040
-1.29181
-1.29383
-1.37571
-1.26212
-1.26036
-1.26626
-1.27125
-1.27691
-1.23680
-1.24851
-1.25643
-1.21717
-1.34962
-1.24126
-1.25047
-1.21332
-1.23132
-1.19461
-1.21473
-1.22879
-1.19263
-1.21519
-1.18052
-1.20491
-1.17124
-1.14492
-1.17258
-1.23203
-1.23570
-1.14941
-1.11576
-1.14709
-1.21040
-1.11560
-1.17714
-1.08138
-0.98435
-1.12446
-1.14533
-1.12808
-1.16238
-1.19326
-1.22312
-1.13370
-1.20057
-1.11048
-1.09083
-1.08257
-1.15616
-1.07250
-1.10536
-1.13967
-1.12641
-1.12980
-1.12401
-1.12009
-1.07689
-1.07285
-1.07209
-1.07113
-1.07099
-1.07159
-0.99436
-0.99012
-1.03337
-1.02996
-1.07999
-1.08102
-1.09222
-1.05684
-0.98569
-0.98967
-1.03720
-1.00351
-1.01679
-1.02703
-0.99340
-1.00801
-1.02032
-0.98830
-1.00545
-0.97454
-0.99339
-1.00928
-0.98002
-1.00126
-0.97326
-0.99611
-0.96938
-0.99378
-0.96829
-0.99423
-0.97001
-0.99747
-1.02182
-0.99876
-0.94853
-0.97357
-0.99956
-0.94615
-0.97295
-1.00059
-0.98414
-0.97662
-1.00681
-0.99411
-0.98896
-0.98096
-1.01288
-1.00277
-1.00106
-0.99605
-0.99128
-0.98717
-1.02250
-1.01610
-0.97797
-0.97700
-0.97694
-1.01574
-1.01291
-1.01808
-1.02174
-1.02510
-1.02880
-1.03309
-1.03804
-1.04366
-1.04996
-1.05695
-1.06461
-1.07294
-1.03988
-1.05165
-1.06203
-1.07316
-1.08497
-1.09744
-1.11055
-1.08146
-1.09847
-1.11394
-1.12985
-1.14632
-1.12122
-1.14109
-1.15981
-1.13777
-1.15915
-1.17963
-1.15993
-1.18301
-1.20532
-1.18774
-1.21259
-1.19686
-1.22269
-1.24806
-1.23392
-1.26173
-1.24946
-1.27817
-1.26724
-1.29708
-1.28748
-1.31845
-1.31014
-1.30536
-1.33671
-1.32973
-1.36376
-1.35853
-1.35686
-1.39109
-1.38759
-1.38762
-1.38733
-1.42326
-1.42251
-1.42467
-1.42669
-1.46474
-1.46682
-1.47098
-1.47520
-1.47982
-1.52032
-1.52570
-1.53233
-1.53923
-1.54659
-1.55448
-1.56293
-1.57194
-1.58151
-1.59163
-1.60229
-1.61350
-1.62524
-1.63750
-1.65029
-1.66358
-1.71157
-1.72630
-1.74055
-1.75554
-1.77111
-1.75128
-1.76995
-1.78716
-1.80486
-1.82301
-1.84160
-1.86064
-1.88013
-1.90007
-1.92045
-1.94127
-1.96253
-1.98423
-2.00636
-1.99449
-2.01948
-2.04308
-2.06716
-2.09164
-2.11655
-2.14189
-2.16767
-2.15971
-2.18854
-2.21583
-2.24356
-2.27170
-2.30028
-2.32932
-2.32452
-2.35697
-2.38772
-2.41883
-2.45037
-2.44783
-2.48313
-2.51658
-2.55034
-2.58456
-2.58427
-2.62265
-2.65908
-2.69574
-2.69739
-2.73846
-2.77755
-2.78094
-2.82417
-2.86543
-2.87050
-2.91603
-2.95964
-2.96650
-3.01450
-3.02889
-3.07493
-3.12174
-3.13176
-3.18423
-3.20335
-3.25355
-3.26687
-3.32320
-3.34656
-3.40048
-3.41747
-3.44620
-3.50467
-3.56406
-3.58525
-3.61848
-3.64988
-3.71219
-3.74583
-3.77873
-3.84402
-3.88147
-3.91798
-3.95551
-3.99423
-4.06515
-4.10906
-4.15168
-4.19519
-4.23981
-4.28557
-4.33244
-4.38041
-4.42945
-4.47953
-4.56067
-4.61584
-4.66932
-4.72323
-4.80751
-4.86582
-4.92246
-4.97932
-5.03669
-5.09465
-5.15318
-5.21226
-5.24327
-5.30093
-5.36097
-5.39361
-5.45295
-5.48626
-5.54653
-5.58081
-5.64206
-5.67725
-5.71157
-5.77376
-5.81001
-5.84560
-5.90903
-5.94631
-5.98303
-6.01975
-6.08452
-6.12284
-6.16078
-6.19867
-6.23669
-6.27489
-6.34151
-6.38103
-6.42034
-6.45958
-6.49888
-6.53829
-6.57785
-6.58867
-6.62770
-6.66719
-6.70704
-6.74715
-6.78744
-6.79815
-6.83801
-6.87825
-6.91883
-6.92929
-6.96960
-6.97955
-7.01990
-7.06073
-7.07073
-7.11156
-7.12122
-7.16219
-7.17171
-7.18074
-7.18936
-7.23037
-7.23946
-7.24818
-7.28978
-7.25061
-7.30162
-7.31415
-7.32393
-7.33276
-7.34129
-7.38416
-7.34943
-7.36393
-7.37470
-7.38403
-7.39308
-7.40218
-7.37585
-7.38417
-7.39321
-7.36672
-7.37549
-7.34880
-7.32134
-7.33021
-7.34036
-7.31442
-7.32466
-7.26020
-7.27137
-7.28284
-7.25771
-7.23190
-7.24361
-7.18318
-7.19453
-7.16942
-7.14439
-7.08151
-7.09397
-7.07083
-7.04762
-7.06307
-7.01005
-6.98387
-6.95962
-6.93708
-6.91558
-6.85599
-6.83425
-6.77503
-6.75404
-6.69565
-6.67561
-6.61817
-6.55995
-6.54097
-6.52411
-6.46908
-6.41298
-6.39616
-6.34214
-6.28731
-6.27198
-6.21955
-6.16625
-6.11301
-6.06010
-6.00763
-5.99522
-5.94609
-5.89593
-5.84583
-5.76591
-5.74937
-5.66775
-5.61245
-5.56103
-5.51218
-5.46479
-5.41834
-5.37260
-5.32747
-5.25502
-5.20241
-5.15441
-5.10949
-5.03836
-4.98744
-4.90187
-4.85533
-4.78500
-4.73597
-4.69215
-4.65171
-4.58677
-4.50008
-4.45440
-4.41517
-4.35253
-4.26831
-4.22511
-4.16113
-4.07902
-4.03813
-3.97711
-3.93642
-3.86244
-3.78876
-3.71636
-3.68394
-3.63185
-3.59562
-3.52598
-3.45751
-3.42912
-3.38158
-3.34884
-3.32127
-3.27454
-3.20473
-3.13816
-3.07536
-3.05289
-2.96198
-2.93766
-2.89398
-2.86830
-2.82270
-2.75880
-2.69893
-2.68092
-2.64163
-2.58171
-2.48562
-2.46829
-2.42669
-2.40890
-2.36672
-2.31168
-2.25972
-2.24721
-2.16167
-2.11254
-2.10209
-2.06637
-2.01492
-1.96624
-1.92023
-1.91028
-1.82648
-1.81824
-1.78422
-1.73608
-1.72771
-1.69358
-1.64637
-1.60412
-1.56261
-1.55386
-1.52118
-1.47561
-1.46917
-1.43805
-1.39331
-1.38757
-1.35786
-1.31390
-1.30876
-1.28050
-1.23823
-1.20313
-1.19561
-1.16795
-1.12729
-1.09380
-1.08629
-1.06035
-1.05450
-1.02840
-0.99000
-0.95811
-0.92210
-0.91561
-0.89292
-0.85621
-0.85174
-0.83125
-0.82610
-0.82989
-0.81314
-0.77709
-0.77365
-0.75494
-0.72055
-0.71714
-0.69928
-0.69551
-0.67693
-0.67362
-0.65565
-0.65265
-0.63517
-0.63249
-0.63959
-0.64985
-0.63880
-0.63643
-0.61955
-0.49537
-0.54104
-0.53139
-0.53009
-0.53893
-0.52874
-0.52765
-0.51313
-0.51258
-0.52224
-0.51295
-0.51257
-0.52252
-0.51356
-0.48402
-0.48512
-0.47337
-0.47398
-0.48493
-0.47709
-0.44838
-0.45026
-0.46254
-0.45567
-0.45697
-0.44498
-0.44694
-0.45913
-0.47452
-0.49075
-0.48547
-0.52675
-0.55950
-0.56584
-0.57623
-0.59113
-0.60738
-0.62401
-0.64076
-0.65755
-0.67438
-0.66661
-0.70835
-0.74473
-0.75142
-0.76181
-0.77672
-0.79307
-0.78380
-0.82769
-0.86612
-0.87170
-0.88123
-0.89581
-0.91205
-0.92879
-0.94568
-0.96262
-0.97956
-0.99650
-1.01343
-1.03035
-1.08522
-1.13786
-1.13845
-1.14423
-1.15722
-1.17267
-1.22706
-1.27947
-1.27922
-1.28468
-1.29730
-1.35072
-1.38762
-1.39385
-1.40405
-1.45652
-1.47135
-1.48865
-1.50491
-1.55908
-1.57634
-1.59225
-1.60782
-1.66159
-1.67830
-1.73215
-1.74866
-1.76398
-1.77898
-1.83219
-1.84809
-1.86301
-1.91600
-1.93155
-1.94618
-1.96051
-1.97471
-2.02721
-2.04221
-2.05642
-2.07034
-2.12250
-2.13710
-2.15095
-2.16451
-2.21630
-2.23052
-2.24400
-2.25720
-2.30862
-2.32246
-2.37393
-2.38768
-2.43894
-2.45249
-2.46518
-2.47752
-2.52805
-2.54113
-2.55341
-2.60370
-2.61659
-2.82169
-2.86368
-2.67192
-2.73653
-2.72932
-2.73038
-2.73755
-2.78543
-2.79703
-2.80796
-2.85699
-2.85996
-2.89378
-2.89571
-2.90264
-2.91144
-2.95929
-2.97065
-3.01919
-3.03080
-3.04083
-3.08875
-3.10002
-3.10966
-3.11877
-3.16603
-3.17691
-3.18605
-3.19464
-3.24140
-3.25193
-3.26058
-3.26863
-3.27638
-3.28393
-3.32983
-3.33335
-3.36259
-3.36131
-3.36450
-3.36061
-3.38909
-3.38762
-3.39040
-3.39510
-3.40051
-3.40612
-3.41174
-3.41727
-3.46123
-3.46332
-3.45168
-3.40706
-3.44317
-3.43957
-3.42733
-3.42116
-3.42106
-3.46201
-3.46131
-3.44844
-3.44130
-3.44029
-3.44179
-3.44422
-3.44692
-3.44964
-3.45225
-3.49326
-3.49204
-3.47760
-3.50744
-3.50754
-3.50804
-3.50888
-3.50107
-3.48543
-3.47559
-3.51039
-3.44566
-3.47134
-3.50437
-3.48775
-3.43781
-3.42971
-3.42623
-3.42423
-3.41304
-3.39571
-3.34545
-3.33692
-3.33270
-3.31930
-3.26267
-3.28696
-3.26828
-3.25081
-3.20052
-3.19157
-3.18639
-3.17118
-3.15263
-3.13945
-3.13190
-3.11450
-3.09536
-3.08161
-3.05957
-3.03990
-3.02591
-3.00328
-2.98330
-3.00746
-2.98106
-2.92494
-2.91001
-2.90040
-2.89267
-2.87257
-2.85199
-2.79771
-2.78545
-2.77626
-2.75410
-2.73317
-2.71640
-2.68918
-2.66751
-2.65048
-2.63854
-2.62830
-2.60343
-2.58175
-2.52555
-2.51106
-2.48216
-2.46041
-2.40827
-2.39086
-2.37733
-2.34481
-2.32381
-2.27786
-2.21926
-2.20139
-2.18715
-2.14933
-2.12866
-2.30469
-1.93888
-2.12003
-2.03379
-1.93620
-1.91990
-1.90537
-2.08401
-2.04575
-1.90389
-1.88610
-1.86829
-1.82331
-1.79776
-1.65825
-1.64194
-1.59774
-1.53753
-1.70560
-1.41054
-1.58600
-1.58158
-1.74793
-1.92551
-1.39793
-1.29741
-1.27117
-1.21787
-1.18960
-1.16685
-1.10852
-1.08128
-1.06023
-0.99765
-0.97263
-0.95237
-0.88413
-0.86161
-0.84088
-0.76844
-0.74776
-0.72645
-0.65017
-0.66195
-0.59707
-0.57887
-0.55656
-0.52509
-0.44473
-0.42979
-0.40398
-0.37553
-0.34615
-0.31641
-0.22981
-0.39070
-0.33274
-0.13880
-0.07100
-0.06986
-0.04300
-0.01120
0.02261
0.05828
0.09400
0.12998
0.21037
0.29073
0.37003
0.35747
0.35005
0.39478
0.38357
0.42805
0.41607
0.40738
0.45774
0.44707
0.44030
0.43850
0.49241
0.53663
0.52317
0.51872
0.57596
0.56546
0.62285
0.61060
0.66946
0.71816
0.70373
0.76405
0.75532
0.76321
0.82018
0.81697
0.87537
0.87448
0.93288
0.93328
0.94913
1.00299
1.00274
1.06528
1.06471
1.12815
1.12884
1.15375
1.20730
1.20529
1.23147
1.28802
1.28689
1.35475
1.35956
1.38721
1.40718
1.46441
1.52264
1.51784
1.59143
1.60056
1.67124
1.67704
1.70993
1.77466
1.77301
1.81048
1.83897
1.86382
1.88741
1.91080
1.93442
1.95845
1.92716
1.96455
1.99172
2.01856
1.98959
2.02898
2.05865
2.08780
2.05994
2.10175
2.08071
2.12228
2.15551
2.13029
2.13553
2.17118
2.14718
2.19387
2.17735
2.18429
2.18454
2.18229
2.21796
2.19070
2.20499
2.21007
2.21176
2.21246
2.21320
2.21437
2.21610
2.21844
2.22140
2.22499
2.22921
2.23406
2.18434
2.20012
2.21008
2.16596
2.18285
2.19443
2.15284
2.17340
2.18548
2.14523
2.16748
2.13064
2.15368
2.16897
2.13218
2.15733
2.12466
2.11207
2.12938
2.14769
2.11364
2.10371
2.08622
2.10645
2.07465
2.06728
2.05326
2.07621
2.04666
2.04198
2.03122
2.01861
2.00588
1.99362
1.98201
2.00937
1.98361
1.98477
1.98016
1.92333
1.92489
1.91912
1.91342
1.90819
1.90357
1.89962
1.84426
1.85112
1.85075
1.85021
1.79771
1.80737
1.81008
1.81250
1.76290
1.77514
1.78085
1.73469
1.74862
1.70617
1.72121
1.73039
1.68953
1.66194
1.67496
1.63891
1.65571
1.62237
1.64012
1.60861
1.58729
1.60300
1.57282
1.55406
1.57137
1.54348
1.52708
1.50622
1.52570
1.50090
1.48845
1.47028
1.45276
1.43611
1.42024
1.40511
1.42955
1.41047
1.40287
1.39195
1.38072
1.36997
1.35989
1.35053
1.34190
1.29227
1.28622
1.28008
1.27453
1.26969
1.26559
1.22026
1.21922
1.21738
1.21627
1.21589
1.21622
1.17514
1.17897
1.18142
1.14253
1.14868
1.15336
1.11667
1.12512
