0.20000 ,0.00000 ,0.00030 ,0.99222
0.20000 ,0.00000 ,0.00070 ,0.99222
0.20000 ,0.00000 ,0.00070 ,0.99222
0.20000 ,0.00000 ,0.00120 ,0.99222
0.20000 ,0.00000 ,0.00227 ,0.99222
0.20000 ,0.00000 ,0.00227 ,0.99222
0.20000 ,0.00000 ,0.00342 ,0.99222
0.20000 ,0.00000 ,0.00407 ,0.99222
0.20000 ,0.00000 ,0.00477 ,0.99222
0.20000 ,0.00000 ,0.00477 ,0.99221
0.20000 ,0.00000 ,0.00553 ,0.99221
0.20000 ,0.00000 ,0.00633 ,0.99221
0.20000 ,0.00000 ,0.00805 ,0.99220
0.20000 ,0.00000 ,0.00805 ,0.99220
0.20000 ,0.00000 ,0.00986 ,0.99219
0.20000 ,0.00000 ,0.00986 ,0.99218
0.20000 ,0.00000 ,0.01169 ,0.99217
0.20000 ,0.00000 ,0.01260 ,0.99216
0.20000 ,0.00000 ,0.01351 ,0.99215
0.20000 ,0.00000 ,0.01439 ,0.99213
0.20000 ,0.00000 ,0.01527 ,0.99212
0.20000 ,0.00000 ,0.01613 ,0.99210
0.20000 ,0.00000 ,0.01696 ,0.99207
0.20000 ,0.00000 ,0.01696 ,0.99206
0.20000 ,0.00000 ,0.01859 ,0.99202
0.20000 ,0.00000 ,0.01937 ,0.99199
0.20000 ,0.00000 ,0.02013 ,0.99196
0.20000 ,0.00000 ,0.02088 ,0.99192
0.20000 ,0.00000 ,0.02161 ,0.99188
0.20000 ,0.00000 ,0.02233 ,0.99183
0.20000 ,0.00000 ,0.02304 ,0.99178
0.20000 ,0.00000 ,0.02374 ,0.99173
0.20000 ,0.00000 ,0.02442 ,0.99167
0.20000 ,0.00000 ,0.02509 ,0.99160
0.20000 ,0.00000 ,0.02574 ,0.99153
0.20000 ,0.00000 ,0.02638 ,0.99146
0.20000 ,0.00000 ,0.02638 ,0.99138
0.20000 ,0.00000 ,0.02700 ,0.99129
0.20000 ,0.00000 ,0.02820 ,0.99118
0.20000 ,0.00000 ,0.02877 ,0.99108
0.20000 ,0.00000 ,0.02933 ,0.99097
0.20000 ,0.00000 ,0.02933 ,0.99086
0.20000 ,0.00000 ,0.02988 ,0.99073
0.20000 ,0.00000 ,0.03093 ,0.99058
0.20000 ,0.00000 ,0.03143 ,0.99044
0.20000 ,0.00000 ,0.03143 ,0.99029
0.20000 ,0.00000 ,0.03192 ,0.99012
0.20000 ,0.00000 ,0.03240 ,0.98994
0.20000 ,0.00000 ,0.03330 ,0.98974
0.20000 ,0.00000 ,0.03374 ,0.98955
0.20000 ,0.00000 ,0.03416 ,0.98933
0.20000 ,0.00000 ,0.03457 ,0.98911
0.20000 ,0.00000 ,0.03457 ,0.98888
0.20000 ,0.00000 ,0.03535 ,0.98862
0.20000 ,0.00000 ,0.03572 ,0.98835
0.20000 ,0.00000 ,0.03609 ,0.98807
0.20000 ,0.00000 ,0.03644 ,0.98778
0.20000 ,0.00000 ,0.03678 ,0.98747
0.20000 ,0.00000 ,0.03711 ,0.98714
0.20000 ,0.00000 ,0.03743 ,0.98680
0.20000 ,0.00000 ,0.03743 ,0.98645
0.20000 ,0.00000 ,0.03803 ,0.98606
0.20000 ,0.00000 ,0.03832 ,0.98567
0.20000 ,0.00000 ,0.03832 ,0.98527
0.20000 ,0.00000 ,0.03902 ,0.98482
0.20000 ,0.00000 ,0.03912 ,0.98437
0.20000 ,0.00000 ,0.03936 ,0.98390
0.20000 ,0.00000 ,0.03960 ,0.98341
0.20000 ,0.00000 ,0.03983 ,0.98290
0.20000 ,0.00000 ,0.04004 ,0.98237
0.20000 ,0.00000 ,0.04025 ,0.98181
0.20000 ,0.00000 ,0.04044 ,0.98124
0.20000 ,0.00000 ,0.04063 ,0.98064
0.20000 ,0.00000 ,0.04080 ,0.98002
0.20000 ,0.00000 ,0.04097 ,0.97937
0.20000 ,0.00000 ,0.04097 ,0.97871
0.20000 ,0.00000 ,0.04128 ,0.97801
0.20000 ,0.00000 ,0.04142 ,0.97730
0.20000 ,0.00000 ,0.04155 ,0.97657
0.20000 ,0.00000 ,0.04167 ,0.97580
0.20000 ,0.00000 ,0.04178 ,0.97502
0.20000 ,0.00000 ,0.04188 ,0.97421
0.20000 ,0.00000 ,0.04198 ,0.97338
0.20000 ,0.00000 ,0.04206 ,0.97253
0.20000 ,0.00000 ,0.04214 ,0.97165
0.20000 ,0.00000 ,0.04221 ,0.97075
0.20000 ,0.00000 ,0.04227 ,0.96983
0.20000 ,0.00000 ,0.04232 ,0.96889
0.20000 ,0.00000 ,0.04237 ,0.96793
0.20000 ,0.00000 ,0.04241 ,0.96695
0.20000 ,0.00000 ,0.04245 ,0.96595
0.20000 ,0.00000 ,0.04247 ,0.96493
0.20000 ,0.00000 ,0.04250 ,0.96389
0.20000 ,0.00000 ,0.04251 ,0.96284
0.20000 ,0.00000 ,0.04252 ,0.96177
0.20000 ,0.00000 ,0.04251 ,0.96069
0.20000 ,0.00000 ,0.04251 ,0.95960
0.20000 ,0.00000 ,0.04250 ,0.95850
0.20000 ,0.00000 ,0.04248 ,0.95740
0.20000 ,0.00000 ,0.04245 ,0.95629
0.20000 ,0.00000 ,0.04242 ,0.95517
0.20000 ,0.00000 ,0.04237 ,0.95406
0.20000 ,0.00000 ,0.04233 ,0.95295
0.20000 ,0.00000 ,0.04228 ,0.95184
0.20000 ,0.00000 ,0.04222 ,0.95075
0.20000 ,0.00000 ,0.04215 ,0.94966
0.20000 ,0.00000 ,0.04208 ,0.94859
0.20000 ,0.00000 ,0.04200 ,0.94754
0.20000 ,0.00000 ,0.04192 ,0.94651
0.20000 ,0.00000 ,0.04183 ,0.94550
0.20028 ,0.00139 ,0.04174 ,0.94453
0.20028 ,0.00137 ,0.04164 ,0.94424
0.20028 ,0.00136 ,0.04154 ,0.94324
0.20028 ,0.00135 ,0.04143 ,0.94234
0.20028 ,0.00133 ,0.04132 ,0.94149
0.20028 ,0.00132 ,0.04120 ,0.94070
0.20028 ,0.00131 ,0.04108 ,0.93997
0.20028 ,0.00129 ,0.04108 ,0.93928
0.20056 ,0.00267 ,0.04083 ,0.93869
0.20056 ,0.00264 ,0.04070 ,0.93849
0.20056 ,0.00262 ,0.04056 ,0.93795
0.20056 ,0.00259 ,0.04056 ,0.93751
0.20056 ,0.00257 ,0.04028 ,0.93719
0.20083 ,0.00393 ,0.04013 ,0.93696
0.20083 ,0.00389 ,0.04013 ,0.93689
0.20083 ,0.00385 ,0.03984 ,0.93680
0.20083 ,0.00381 ,0.03968 ,0.93682
0.20111 ,0.00516 ,0.03952 ,0.93696
0.20111 ,0.00511 ,0.03937 ,0.93706
0.20111 ,0.00506 ,0.03921 ,0.93740
0.20111 ,0.00501 ,0.03905 ,0.93786
0.20139 ,0.00635 ,0.03888 ,0.93845
0.20139 ,0.00628 ,0.03872 ,0.93877
0.20139 ,0.00622 ,0.03855 ,0.93960
0.20167 ,0.00755 ,0.03837 ,0.94056
0.20167 ,0.00747 ,0.03820 ,0.94107
0.20167 ,0.00740 ,0.03802 ,0.94228
0.20194 ,0.00871 ,0.03783 ,0.94362
0.20194 ,0.00863 ,0.03765 ,0.94439
0.20222 ,0.00993 ,0.03746 ,0.94595
0.20222 ,0.00983 ,0.03727 ,0.94679
0.20222 ,0.00973 ,0.03708 ,0.94859
0.20250 ,0.01102 ,0.03708 ,0.95049
0.20250 ,0.01091 ,0.03688 ,0.95170
0.20278 ,0.01219 ,0.03669 ,0.95368
0.20278 ,0.01207 ,0.03629 ,0.95500
0.20306 ,0.01334 ,0.03629 ,0.95711
0.20306 ,0.01321 ,0.03608 ,0.95852
0.20333 ,0.01446 ,0.03587 ,0.96073
0.20361 ,0.01571 ,0.03566 ,0.96220
0.20361 ,0.01555 ,0.03524 ,0.96362
0.20389 ,0.01678 ,0.03502 ,0.96589
0.20417 ,0.01800 ,0.03502 ,0.96740
0.20417 ,0.01782 ,0.03459 ,0.96884
0.20444 ,0.01903 ,0.03459 ,0.97107
0.20472 ,0.02023 ,0.03415 ,0.97255
0.20472 ,0.02003 ,0.03393 ,0.97397
0.20500 ,0.02122 ,0.03371 ,0.97608
0.20528 ,0.02240 ,0.03349 ,0.97748
0.20556 ,0.02356 ,0.03326 ,0.97880
0.20583 ,0.02471 ,0.03326 ,0.98007
0.20611 ,0.02586 ,0.03281 ,0.98130
0.20611 ,0.02560 ,0.03258 ,0.98250
0.20639 ,0.02673 ,0.03235 ,0.98424
0.20667 ,0.02785 ,0.03212 ,0.98537
0.20694 ,0.02896 ,0.03189 ,0.98642
0.20722 ,0.03006 ,0.03166 ,0.98742
0.20750 ,0.03115 ,0.03142 ,0.98837
0.20778 ,0.03223 ,0.03118 ,0.98927
0.20806 ,0.03329 ,0.03094 ,0.99012
0.20833 ,0.03435 ,0.03070 ,0.99092
0.20861 ,0.03539 ,0.03046 ,0.99168
0.20889 ,0.03643 ,0.03022 ,0.99240
0.20917 ,0.03745 ,0.02997 ,0.99307
0.20972 ,0.03986 ,0.02973 ,0.99369
0.21000 ,0.04085 ,0.02948 ,0.99399
0.21028 ,0.04183 ,0.02923 ,0.99454
0.21056 ,0.04280 ,0.02898 ,0.99506
0.21111 ,0.04515 ,0.02898 ,0.99554
0.21139 ,0.04609 ,0.02848 ,0.99577
0.21167 ,0.04701 ,0.02823 ,0.99619
0.21194 ,0.04793 ,0.02823 ,0.99659
0.21250 ,0.05023 ,0.02774 ,0.99695
0.21278 ,0.05112 ,0.02749 ,0.99712
0.21333 ,0.05338 ,0.02724 ,0.99743
0.21361 ,0.05424 ,0.02700 ,0.99758
0.21417 ,0.05647 ,0.02675 ,0.99785
0.21444 ,0.05730 ,0.02651 ,0.99798
0.21500 ,0.05950 ,0.02627 ,0.99822
0.21528 ,0.06030 ,0.02602 ,0.99833
0.21583 ,0.06247 ,0.02578 ,0.99853
0.21639 ,0.06463 ,0.02554 ,0.99863
0.21667 ,0.06537 ,0.02529 ,0.99872
0.21722 ,0.06749 ,0.02505 ,0.99888
0.21778 ,0.06960 ,0.02480 ,0.99895
0.21806 ,0.07029 ,0.02455 ,0.99903
0.21861 ,0.07236 ,0.02431 ,0.99915
0.21917 ,0.07442 ,0.02406 ,0.99921
0.21972 ,0.07645 ,0.02382 ,0.99927
0.22028 ,0.07846 ,0.02358 ,0.99932
0.22056 ,0.07907 ,0.02335 ,0.99937
0.22139 ,0.08244 ,0.02311 ,0.99946
0.22167 ,0.08301 ,0.02288 ,0.99943
0.22222 ,0.08496 ,0.02264 ,0.99953
0.22278 ,0.08688 ,0.02241 ,0.99957
0.22333 ,0.08879 ,0.02219 ,0.99961
0.22417 ,0.09207 ,0.02196 ,0.99964
0.22472 ,0.09393 ,0.02174 ,0.99964
0.22528 ,0.09577 ,0.02152 ,0.99967
0.22583 ,0.09759 ,0.02129 ,0.99970
0.22639 ,0.09939 ,0.02108 ,0.99973
0.22722 ,0.10256 ,0.02086 ,0.99975
0.22778 ,0.10431 ,0.02064 ,0.99975
0.22833 ,0.10605 ,0.02041 ,0.99977
0.22889 ,0.10777 ,0.02019 ,0.99979
0.22972 ,0.11086 ,0.01997 ,0.99981
0.23028 ,0.11252 ,0.01975 ,0.99981
0.23083 ,0.11418 ,0.01975 ,0.99983
0.23167 ,0.11720 ,0.01932 ,0.99984
0.23250 ,0.12020 ,0.01932 ,0.99985
0.23306 ,0.12177 ,0.01890 ,0.99985
0.23361 ,0.12333 ,0.01869 ,0.99986
0.23444 ,0.12627 ,0.01848 ,0.99987
0.23528 ,0.12917 ,0.01828 ,0.99987
0.23583 ,0.13066 ,0.01808 ,0.99988
0.23667 ,0.13352 ,0.01788 ,0.99989
0.23750 ,0.13635 ,0.01769 ,0.99989
0.23806 ,0.13776 ,0.01749 ,0.99989
0.23889 ,0.14055 ,0.01730 ,0.99990
0.23972 ,0.14331 ,0.01710 ,0.99990
0.24056 ,0.14605 ,0.01691 ,0.99990
0.24139 ,0.14875 ,0.01672 ,0.99990
0.24222 ,0.15143 ,0.01653 ,0.99990
0.24306 ,0.15408 ,0.01635 ,0.99990
0.24389 ,0.15671 ,0.01617 ,0.99991
0.24472 ,0.15931 ,0.01599 ,0.99991
0.24583 ,0.16327 ,0.01581 ,0.99991
0.24667 ,0.16581 ,0.01563 ,0.99990
0.24750 ,0.16831 ,0.01545 ,0.99990
0.24833 ,0.17080 ,0.01527 ,0.99990
0.24944 ,0.17465 ,0.01509 ,0.99990
0.25056 ,0.17845 ,0.01509 ,0.99989
0.25139 ,0.18084 ,0.01473 ,0.99988
0.25250 ,0.18458 ,0.01473 ,0.99988
0.25333 ,0.18690 ,0.01438 ,0.99987
0.25444 ,0.19059 ,0.01421 ,0.99987
0.25556 ,0.19424 ,0.01403 ,0.99986
0.25667 ,0.19785 ,0.01403 ,0.99985
0.25750 ,0.20004 ,0.01386 ,0.99984
0.25861 ,0.20360 ,0.01369 ,0.99984
0.25972 ,0.20712 ,0.01353 ,0.99982
0.26083 ,0.21060 ,0.01319 ,0.99981
0.26194 ,0.21405 ,0.01303 ,0.99979
0.26306 ,0.21747 ,0.01286 ,0.99978
0.26417 ,0.22085 ,0.01270 ,0.99976
0.26528 ,0.22419 ,0.01254 ,0.99974
0.26639 ,0.22751 ,0.01238 ,0.99972
0.26750 ,0.23079 ,0.01222 ,0.99969
0.26861 ,0.23404 ,0.01207 ,0.99967
0.26972 ,0.23725 ,0.01192 ,0.99964
0.27111 ,0.24182 ,0.01176 ,0.99962
0.27222 ,0.24496 ,0.01176 ,0.99955
0.27333 ,0.24807 ,0.01147 ,0.99952
0.27444 ,0.25114 ,0.01132 ,0.99948
0.27556 ,0.25418 ,0.01116 ,0.99945
0.27667 ,0.25720 ,0.01101 ,0.99941
0.27778 ,0.26018 ,0.01087 ,0.99937
0.27889 ,0.26314 ,0.01087 ,0.99934
0.28028 ,0.26745 ,0.01072 ,0.99930
0.28139 ,0.27033 ,0.01044 ,0.99918
0.28250 ,0.27318 ,0.01030 ,0.99914
0.28361 ,0.27601 ,0.01016 ,0.99909
0.28500 ,0.28019 ,0.01002 ,0.99904
0.28611 ,0.28294 ,0.00989 ,0.99890
0.28750 ,0.28706 ,0.00989 ,0.99884
0.28861 ,0.28974 ,0.00962 ,0.99867
0.28972 ,0.29240 ,0.00962 ,0.99861
0.29111 ,0.29642 ,0.00935 ,0.99854
0.29250 ,0.30040 ,0.00922 ,0.99835
0.29361 ,0.30295 ,0.00909 ,0.99813
0.29500 ,0.30687 ,0.00895 ,0.99804
0.29639 ,0.31074 ,0.00882 ,0.99780
0.29750 ,0.31319 ,0.00869 ,0.99752
0.29889 ,0.31701 ,0.00856 ,0.99743
0.30028 ,0.32078 ,0.00842 ,0.99712
0.30167 ,0.32452 ,0.00829 ,0.99679
0.30278 ,0.32683 ,0.00816 ,0.99642
0.30389 ,0.32911 ,0.00803 ,0.99630
0.30556 ,0.33416 ,0.00790 ,0.99620
0.30694 ,0.33776 ,0.00777 ,0.99559
0.30806 ,0.33994 ,0.00763 ,0.99507
0.30944 ,0.34348 ,0.00753 ,0.99491
0.31083 ,0.34699 ,0.00741 ,0.99441
0.31222 ,0.35047 ,0.00728 ,0.99388
0.31361 ,0.35391 ,0.00716 ,0.99331
0.31472 ,0.35592 ,0.00704 ,0.99270
0.31639 ,0.36070 ,0.00693 ,0.99255
0.31750 ,0.36265 ,0.00681 ,0.99158
0.31889 ,0.36596 ,0.00669 ,0.99133
0.32028 ,0.36925 ,0.00657 ,0.99061
0.32167 ,0.37250 ,0.00646 ,0.98986
0.32306 ,0.37572 ,0.00635 ,0.98908
0.32472 ,0.38030 ,0.00624 ,0.98827
0.32611 ,0.38344 ,0.00613 ,0.98692
0.32750 ,0.38655 ,0.00602 ,0.98587
0.32889 ,0.38963 ,0.00591 ,0.98486
0.33028 ,0.39267 ,0.00581 ,0.98387
0.33167 ,0.39569 ,0.00571 ,0.98287
0.33306 ,0.39868 ,0.00560 ,0.98186
0.33472 ,0.40303 ,0.00550 ,0.98083
0.33611 ,0.40594 ,0.00550 ,0.97912
0.33750 ,0.40883 ,0.00530 ,0.97781
0.33917 ,0.41307 ,0.00520 ,0.97659
0.34056 ,0.41588 ,0.00510 ,0.97466
0.34194 ,0.41867 ,0.00500 ,0.97326
0.34361 ,0.42282 ,0.00500 ,0.97199
0.34500 ,0.42553 ,0.00481 ,0.96998
0.34667 ,0.42961 ,0.00471 ,0.96855
0.34833 ,0.43365 ,0.00461 ,0.96611
0.34972 ,0.43626 ,0.00452 ,0.96362
0.35111 ,0.43884 ,0.00452 ,0.96231
0.35250 ,0.44139 ,0.00433 ,0.96113
0.35417 ,0.44531 ,0.00424 ,0.96002
0.35556 ,0.44780 ,0.00415 ,0.95821
0.35722 ,0.45166 ,0.00405 ,0.95689
0.35889 ,0.45548 ,0.00405 ,0.95463
0.36028 ,0.45787 ,0.00387 ,0.95242
0.36194 ,0.46162 ,0.00379 ,0.95137
0.36361 ,0.46534 ,0.00370 ,0.94980
0.36528 ,0.46902 ,0.00362 ,0.94779
0.36667 ,0.47127 ,0.00353 ,0.94597
0.36806 ,0.47350 ,0.00345 ,0.94517
0.36972 ,0.47710 ,0.00337 ,0.94450
0.37139 ,0.48066 ,0.00329 ,0.94345
0.37306 ,0.48419 ,0.00321 ,0.94207
0.37472 ,0.48768 ,0.00314 ,0.94092
0.37611 ,0.48975 ,0.00306 ,0.93998
0.37778 ,0.49319 ,0.00298 ,0.93964
0.37917 ,0.49520 ,0.00290 ,0.93914
0.38056 ,0.49719 ,0.00283 ,0.93885
0.38222 ,0.50055 ,0.00283 ,0.93864
0.38389 ,0.50388 ,0.00268 ,0.93835
0.38528 ,0.50579 ,0.00261 ,0.93810
0.38694 ,0.50906 ,0.00254 ,0.93805
0.38833 ,0.51092 ,0.00247 ,0.93804
0.39000 ,0.51414 ,0.00241 ,0.93808
0.39139 ,0.51594 ,0.00241 ,0.93823
0.39278 ,0.51773 ,0.00227 ,0.93836
0.39444 ,0.52088 ,0.00221 ,0.93849
0.39611 ,0.52401 ,0.00221 ,0.93880
0.39750 ,0.52571 ,0.00215 ,0.93937
0.39917 ,0.52879 ,0.00209 ,0.93961
0.40083 ,0.53183 ,0.00202 ,0.94014
0.40222 ,0.53346 ,0.00190 ,0.94098
0.40389 ,0.53646 ,0.00190 ,0.94130
0.40556 ,0.53943 ,0.00184 ,0.94201
0.40694 ,0.54098 ,0.00172 ,0.94307
0.40833 ,0.54251 ,0.00166 ,0.94343
0.41000 ,0.54542 ,0.00160 ,0.94374
0.41139 ,0.54691 ,0.00155 ,0.94456
0.41306 ,0.54978 ,0.00149 ,0.94498
0.41472 ,0.55261 ,0.00144 ,0.94598
0.41611 ,0.55403 ,0.00144 ,0.94728
0.41750 ,0.55543 ,0.00140 ,0.94767
0.41917 ,0.55821 ,0.00131 ,0.94799
0.42083 ,0.56096 ,0.00126 ,0.94895
0.42083 ,0.55535 ,0.00122 ,0.95034
0.42389 ,0.56508 ,0.00122 ,0.94601
0.42528 ,0.56637 ,0.00117 ,0.95206
0.42694 ,0.56904 ,0.00108 ,0.95228
0.42861 ,0.57168 ,0.00108 ,0.95337
0.43000 ,0.57291 ,0.00098 ,0.95485
0.43167 ,0.57552 ,0.00094 ,0.95523
0.43333 ,0.57809 ,0.00089 ,0.95634
0.43500 ,0.58065 ,0.00084 ,0.95782
0.43639 ,0.58178 ,0.00080 ,0.95920
0.43806 ,0.58430 ,0.00075 ,0.95952
0.43944 ,0.58540 ,0.00069 ,0.96060
0.44111 ,0.58788 ,0.00065 ,0.96099
0.44278 ,0.59034 ,0.00060 ,0.96211
0.44417 ,0.59138 ,0.00060 ,0.96355
0.44583 ,0.59380 ,0.00055 ,0.96383
0.44722 ,0.59480 ,0.00046 ,0.96485
0.44889 ,0.59719 ,0.00042 ,0.96520
0.45028 ,0.59816 ,0.00037 ,0.96624
0.45194 ,0.60051 ,0.00034 ,0.96659
0.45333 ,0.60145 ,0.00029 ,0.96757
0.45500 ,0.60377 ,0.00025 ,0.96790
0.45639 ,0.60468 ,0.00021 ,0.96885
0.45806 ,0.60696 ,0.00017 ,0.96916
0.45944 ,0.60784 ,0.00013 ,0.97007
0.46083 ,0.60870 ,0.00013 ,0.97037
0.46250 ,0.61095 ,0.00009 ,0.97044
0.46389 ,0.61179 ,0.00005 ,0.97126
0.46556 ,0.61400 ,-0.00002 ,0.97152
0.46694 ,0.61481 ,-0.00005 ,0.97238
0.46861 ,0.61699 ,-0.00008 ,0.97264
0.47028 ,0.61915 ,-0.00011 ,0.97343
0.47167 ,0.61991 ,-0.00013 ,0.97455
0.47306 ,0.62065 ,-0.00016 ,0.97471
0.47472 ,0.62278 ,-0.00018 ,0.97471
0.47611 ,0.62350 ,-0.00021 ,0.97539
0.47778 ,0.62559 ,-0.00024 ,0.97560
0.47917 ,0.62628 ,-0.00026 ,0.97630
0.48083 ,0.62835 ,-0.00026 ,0.97652
0.48250 ,0.63040 ,-0.00032 ,0.97716
0.48389 ,0.63104 ,-0.00035 ,0.97815
0.48556 ,0.63307 ,-0.00037 ,0.97825
0.48694 ,0.63368 ,-0.00040 ,0.97885
0.48861 ,0.63568 ,-0.00040 ,0.97903
0.49000 ,0.63626 ,-0.00045 ,0.97959
0.49167 ,0.63824 ,-0.00047 ,0.97971
0.49306 ,0.63880 ,-0.00049 ,0.98030
0.49444 ,0.63935 ,-0.00051 ,0.98040
0.49611 ,0.64129 ,-0.00053 ,0.98035
0.49750 ,0.64183 ,-0.00055 ,0.98082
0.49917 ,0.64374 ,-0.00057 ,0.98096
0.50056 ,0.64425 ,-0.00059 ,0.98144
0.50194 ,0.64475 ,-0.00060 ,0.98152
0.50361 ,0.64664 ,-0.00062 ,0.98145
0.50500 ,0.64711 ,-0.00064 ,0.98187
0.50639 ,0.64759 ,-0.00065 ,0.98194
0.50806 ,0.64944 ,-0.00067 ,0.98186
0.50944 ,0.64989 ,-0.00068 ,0.98226
0.51111 ,0.65173 ,-0.00069 ,0.98232
0.51250 ,0.65216 ,-0.00070 ,0.98278
0.51389 ,0.65258 ,-0.00070 ,0.98282
0.51528 ,0.65300 ,-0.00071 ,0.98272
0.51667 ,0.65341 ,-0.00072 ,0.98257
0.51806 ,0.65382 ,-0.00072 ,0.98239
0.51944 ,0.65423 ,-0.00075 ,0.98221
0.52111 ,0.65602 ,-0.00076 ,0.98202
0.52250 ,0.65640 ,-0.00077 ,0.98235
0.52389 ,0.65678 ,-0.00078 ,0.98241
0.52528 ,0.65716 ,-0.00079 ,0.98226
0.52694 ,0.65892 ,-0.00081 ,0.98207
0.52833 ,0.65928 ,-0.00082 ,0.98240
0.52972 ,0.65963 ,-0.00083 ,0.98243
0.53139 ,0.66137 ,-0.00085 ,0.98227
0.53250 ,0.66031 ,-0.00086 ,0.98260
0.53417 ,0.66204 ,-0.00088 ,0.98184
0.53556 ,0.66236 ,-0.00090 ,0.98217
0.53694 ,0.66268 ,-0.00091 ,0.98215
0.53833 ,0.66300 ,-0.00093 ,0.98198
0.54000 ,0.66470 ,-0.00094 ,0.98177
0.54139 ,0.66500 ,-0.00096 ,0.98209
0.54278 ,0.66530 ,-0.00097 ,0.98207
0.54417 ,0.66559 ,-0.00098 ,0.98188
0.54556 ,0.66588 ,-0.00100 ,0.98165
0.54722 ,0.66755 ,-0.00101 ,0.98140
0.54861 ,0.66782 ,-0.00103 ,0.98171
0.55000 ,0.66809 ,-0.00104 ,0.98167
0.55139 ,0.66835 ,-0.00106 ,0.98146
0.55278 ,0.66861 ,-0.00107 ,0.98121
0.55417 ,0.66887 ,-0.00108 ,0.98094
0.55556 ,0.66912 ,-0.00109 ,0.98067
0.55722 ,0.67077 ,-0.00110 ,0.98038
0.55861 ,0.67100 ,-0.00111 ,0.98068
0.56000 ,0.67124 ,-0.00111 ,0.98060
0.56139 ,0.67147 ,-0.00112 ,0.98039
0.56278 ,0.67170 ,-0.00113 ,0.98011
0.56417 ,0.67193 ,-0.00114 ,0.97981
0.56556 ,0.67215 ,-0.00115 ,0.97951
0.56694 ,0.67237 ,-0.00116 ,0.97920
0.56833 ,0.67260 ,-0.00116 ,0.97888
0.56972 ,0.67281 ,-0.00117 ,0.97856
0.57111 ,0.67303 ,-0.00119 ,0.97823
0.57250 ,0.67324 ,-0.00120 ,0.97789
0.57389 ,0.67346 ,-0.00121 ,0.97756
0.57528 ,0.67367 ,-0.00123 ,0.97722
0.57667 ,0.67387 ,-0.00124 ,0.97687
0.57806 ,0.67408 ,-0.00124 ,0.97652
0.57944 ,0.67428 ,-0.00127 ,0.97616
0.58083 ,0.67449 ,-0.00127 ,0.97580
0.58222 ,0.67468 ,-0.00130 ,0.97544
0.58361 ,0.67488 ,-0.00130 ,0.97507
0.58500 ,0.67508 ,-0.00132 ,0.97469
0.58639 ,0.67527 ,-0.00133 ,0.97432
0.58778 ,0.67546 ,-0.00134 ,0.97394
0.58917 ,0.67565 ,-0.00135 ,0.97355
0.59056 ,0.67584 ,-0.00136 ,0.97316
0.59194 ,0.67603 ,-0.00137 ,0.97277
0.59306 ,0.67482 ,-0.00138 ,0.97237
0.59444 ,0.67502 ,-0.00139 ,0.97092
0.59583 ,0.67521 ,-0.00139 ,0.96965
0.59722 ,0.67541 ,-0.00140 ,0.96964
0.59861 ,0.67560 ,-0.00141 ,0.96949
0.60000 ,0.67578 ,-0.00141 ,0.96917
0.60139 ,0.67597 ,-0.00142 ,0.96878
0.60250 ,0.67477 ,-0.00143 ,0.96837
0.60389 ,0.67496 ,-0.00144 ,0.96686
0.60528 ,0.67516 ,-0.00144 ,0.96639
0.60667 ,0.67535 ,-0.00145 ,0.96595
0.60806 ,0.67554 ,-0.00145 ,0.96552
0.60944 ,0.67573 ,-0.00146 ,0.96509
0.61083 ,0.67592 ,-0.00147 ,0.96466
0.61194 ,0.67471 ,-0.00148 ,0.96423
0.61333 ,0.67491 ,-0.00149 ,0.96268
0.61472 ,0.67511 ,-0.00150 ,0.96220
0.61611 ,0.67530 ,-0.00151 ,0.96176
0.61750 ,0.67549 ,-0.00151 ,0.96133
0.61889 ,0.67568 ,-0.00153 ,0.96090
0.62000 ,0.67448 ,-0.00153 ,0.96047
0.62139 ,0.67468 ,-0.00155 ,0.95892
0.62278 ,0.67488 ,-0.00155 ,0.95846
0.62417 ,0.67507 ,-0.00156 ,0.95803
0.62556 ,0.67527 ,-0.00157 ,0.95760
0.62667 ,0.67407 ,-0.00158 ,0.95718
0.62806 ,0.67427 ,-0.00158 ,0.95567
0.62944 ,0.67448 ,-0.00159 ,0.95523
0.63083 ,0.67467 ,-0.00160 ,0.95481
0.63222 ,0.67487 ,-0.00160 ,0.95440
0.63333 ,0.67368 ,-0.00160 ,0.95400
0.63472 ,0.67389 ,-0.00161 ,0.95255
0.63611 ,0.67409 ,-0.00161 ,0.95213
0.63722 ,0.67291 ,-0.00161 ,0.95174
0.63861 ,0.67312 ,-0.00161 ,0.95035
0.64000 ,0.67334 ,-0.00161 ,0.94996
0.64139 ,0.67355 ,-0.00161 ,0.94959
0.64250 ,0.67237 ,-0.00161 ,0.94923
0.64389 ,0.67259 ,-0.00161 ,0.94794
0.64528 ,0.67281 ,-0.00162 ,0.94758
0.64639 ,0.67163 ,-0.00162 ,0.94724
0.64778 ,0.67186 ,-0.00162 ,0.94604
0.64917 ,0.67209 ,-0.00162 ,0.94572
0.65028 ,0.67092 ,-0.00162 ,0.94541
0.65167 ,0.67116 ,-0.00162 ,0.94432
0.65306 ,0.67139 ,-0.00162 ,0.94402
0.65444 ,0.67162 ,-0.00162 ,0.94375
0.65583 ,0.67185 ,-0.00161 ,0.94348
0.65722 ,0.67208 ,-0.00161 ,0.94323
0.65861 ,0.67230 ,-0.00160 ,0.94297
0.65972 ,0.67113 ,-0.00159 ,0.94273
0.66111 ,0.67136 ,-0.00159 ,0.94184
0.66250 ,0.67160 ,-0.00158 ,0.94161
0.66389 ,0.67182 ,-0.00157 ,0.94140
0.66528 ,0.67205 ,-0.00156 ,0.94119
0.66667 ,0.67227 ,-0.00156 ,0.94099
0.66806 ,0.67250 ,-0.00155 ,0.94080
0.66917 ,0.67133 ,-0.00155 ,0.94062
0.67056 ,0.67156 ,-0.00155 ,0.93996
0.67194 ,0.67179 ,-0.00154 ,0.93979
0.67306 ,0.67062 ,-0.00154 ,0.93964
0.67444 ,0.67086 ,-0.00154 ,0.93913
0.67583 ,0.67110 ,-0.00154 ,0.93900
0.67722 ,0.67133 ,-0.00153 ,0.93889
0.67833 ,0.67017 ,-0.00153 ,0.93879
0.67972 ,0.67042 ,-0.00153 ,0.93845
0.68111 ,0.67066 ,-0.00152 ,0.93838
0.68250 ,0.67089 ,-0.00151 ,0.93831
0.68389 ,0.67113 ,-0.00151 ,0.93826
0.68528 ,0.67136 ,-0.00150 ,0.93821
0.68667 ,0.67159 ,-0.00149 ,0.93817
0.68806 ,0.67182 ,-0.00149 ,0.93813
0.68944 ,0.67205 ,-0.00148 ,0.93810
0.69083 ,0.67227 ,-0.00148 ,0.93807
0.69222 ,0.67249 ,-0.00147 ,0.93806
0.69361 ,0.67271 ,-0.00147 ,0.93804
0.69500 ,0.67293 ,-0.00146 ,0.93804
0.69639 ,0.67315 ,-0.00145 ,0.93804
0.69778 ,0.67336 ,-0.00145 ,0.93804
0.69917 ,0.67357 ,-0.00144 ,0.93805
0.70056 ,0.67378 ,-0.00143 ,0.93807
0.70167 ,0.67260 ,-0.00143 ,0.93809
0.70333 ,0.67420 ,-0.00142 ,0.93824
0.70444 ,0.67302 ,-0.00141 ,0.93827
0.70583 ,0.67323 ,-0.00140 ,0.93844
0.70722 ,0.67344 ,-0.00140 ,0.93846
0.70861 ,0.67365 ,-0.00139 ,0.93850
0.71000 ,0.67386 ,-0.00139 ,0.93857
0.71139 ,0.67407 ,-0.00139 ,0.93864
0.71278 ,0.67427 ,-0.00139 ,0.93872
0.71417 ,0.67447 ,-0.00139 ,0.93880
0.71556 ,0.67467 ,-0.00139 ,0.93889
0.71694 ,0.67487 ,-0.00138 ,0.93898
0.71833 ,0.67507 ,-0.00138 ,0.93907
0.71944 ,0.67387 ,-0.00138 ,0.93917
0.72111 ,0.67547 ,-0.00138 ,0.93967
0.72250 ,0.67566 ,-0.00138 ,0.93976
0.72389 ,0.67584 ,-0.00137 ,0.93969
0.72528 ,0.67603 ,-0.00137 ,0.93969
0.72667 ,0.67621 ,-0.00137 ,0.93976
0.72806 ,0.67640 ,-0.00137 ,0.93986
0.72944 ,0.67658 ,-0.00136 ,0.93998
0.73083 ,0.67676 ,-0.00136 ,0.94010
0.73222 ,0.67693 ,-0.00135 ,0.94023
0.73361 ,0.67711 ,-0.00133 ,0.94036
0.73500 ,0.67728 ,-0.00133 ,0.94049
0.73639 ,0.67745 ,-0.00132 ,0.94063
0.73806 ,0.67901 ,-0.00132 ,0.94076
0.73944 ,0.67917 ,-0.00132 ,0.94038
0.74083 ,0.67932 ,-0.00131 ,0.94047
0.74222 ,0.67947 ,-0.00130 ,0.94059
0.74361 ,0.67962 ,-0.00129 ,0.94072
0.74500 ,0.67977 ,-0.00128 ,0.94085
0.74639 ,0.67991 ,-0.00125 ,0.94098
0.74778 ,0.68006 ,-0.00125 ,0.94112
0.74917 ,0.68020 ,-0.00125 ,0.94125
0.75083 ,0.68173 ,-0.00124 ,0.94139
0.75222 ,0.68186 ,-0.00124 ,0.94096
0.75361 ,0.68199 ,-0.00124 ,0.94104
0.75500 ,0.68211 ,-0.00123 ,0.94115
0.75667 ,0.68362 ,-0.00123 ,0.94128
0.75806 ,0.68373 ,-0.00123 ,0.94084
0.75944 ,0.68384 ,-0.00123 ,0.94092
0.76083 ,0.68395 ,-0.00122 ,0.94103
0.76222 ,0.68405 ,-0.00122 ,0.94114
0.76389 ,0.68554 ,-0.00122 ,0.94126
0.76528 ,0.68563 ,-0.00122 ,0.94082
0.76667 ,0.68572 ,-0.00121 ,0.94089
0.76806 ,0.68581 ,-0.00121 ,0.94099
0.76944 ,0.68589 ,-0.00121 ,0.94109
0.77111 ,0.68737 ,-0.00122 ,0.94120
0.77250 ,0.68744 ,-0.00122 ,0.94109
0.77389 ,0.68751 ,-0.00123 ,0.94100
0.77528 ,0.68758 ,-0.00123 ,0.94098
0.77694 ,0.68904 ,-0.00124 ,0.94103
0.77806 ,0.68770 ,-0.00125 ,0.94089
0.77972 ,0.68916 ,-0.00125 ,0.94135
0.78111 ,0.68921 ,-0.00126 ,0.94118
0.78250 ,0.68926 ,-0.00127 ,0.94102
0.78389 ,0.68931 ,-0.00128 ,0.94096
0.78556 ,0.69076 ,-0.00128 ,0.94098
0.78722 ,0.69218 ,-0.00129 ,0.94092
0.78861 ,0.69220 ,-0.00130 ,0.94025
0.79000 ,0.69223 ,-0.00130 ,0.94015
0.79139 ,0.69225 ,-0.00131 ,0.94016
0.79306 ,0.69366 ,-0.00134 ,0.94020
0.79472 ,0.69506 ,-0.00135 ,0.94015
0.79611 ,0.69505 ,-0.00137 ,0.93957
0.79750 ,0.69504 ,-0.00138 ,0.93949
0.79889 ,0.69504 ,-0.00139 ,0.93949
0.80056 ,0.69642 ,-0.00140 ,0.93952
0.80194 ,0.69640 ,-0.00141 ,0.93947
0.80333 ,0.69638 ,-0.00141 ,0.93935
0.80472 ,0.69636 ,-0.00142 ,0.93929
0.80639 ,0.69773 ,-0.00143 ,0.93929
0.80778 ,0.69770 ,-0.00144 ,0.93922
0.80917 ,0.69767 ,-0.00145 ,0.93911
0.81083 ,0.69902 ,-0.00145 ,0.93905
0.81250 ,0.70037 ,-0.00145 ,0.93895
0.81389 ,0.70031 ,-0.00146 ,0.93857
0.81556 ,0.70164 ,-0.00147 ,0.93852
0.81694 ,0.70157 ,-0.00147 ,0.93844
0.81861 ,0.70288 ,-0.00147 ,0.93837
0.82000 ,0.70280 ,-0.00148 ,0.93818
0.82167 ,0.70410 ,-0.00148 ,0.93817
0.82333 ,0.70540 ,-0.00150 ,0.93814
0.82556 ,0.70945 ,-0.00150 ,0.93804
0.82694 ,0.70930 ,-0.00152 ,0.93824
0.82861 ,0.71054 ,-0.00153 ,0.93828
0.83028 ,0.71177 ,-0.00153 ,0.93835
0.83139 ,0.71021 ,-0.00154 ,0.93863
0.83306 ,0.71144 ,-0.00156 ,0.93844
0.83472 ,0.71266 ,-0.00157 ,0.93854
0.83639 ,0.71387 ,-0.00158 ,0.93889
0.83778 ,0.71367 ,-0.00159 ,0.93930
0.83917 ,0.71348 ,-0.00160 ,0.93933
0.84083 ,0.71468 ,-0.00161 ,0.93933
0.84222 ,0.71448 ,-0.00161 ,0.93944
0.84389 ,0.71566 ,-0.00162 ,0.93958
0.84528 ,0.71545 ,-0.00163 ,0.94012
0.84694 ,0.71663 ,-0.00163 ,0.94017
0.84833 ,0.71641 ,-0.00164 ,0.94034
0.85000 ,0.71758 ,-0.00165 ,0.94053
0.85139 ,0.71735 ,-0.00165 ,0.94119
0.85333 ,0.71990 ,-0.00165 ,0.94126
0.85444 ,0.71825 ,-0.00166 ,0.94232
0.85611 ,0.71940 ,-0.00166 ,0.94191
0.85750 ,0.71915 ,-0.00166 ,0.94238
0.85917 ,0.72030 ,-0.00167 ,0.94255
0.86083 ,0.72143 ,-0.00168 ,0.94293
0.86222 ,0.72116 ,-0.00168 ,0.94392
0.86389 ,0.72228 ,-0.00170 ,0.94411
0.86556 ,0.72339 ,-0.00170 ,0.94450
0.86694 ,0.72310 ,-0.00171 ,0.94563
0.86861 ,0.72420 ,-0.00171 ,0.94588
0.87000 ,0.72390 ,-0.00173 ,0.94638
0.87167 ,0.72500 ,-0.00173 ,0.94671
0.87306 ,0.72469 ,-0.00174 ,0.94786
0.87472 ,0.72578 ,-0.00175 ,0.94800
0.87639 ,0.72685 ,-0.00175 ,0.94847
0.87778 ,0.72653 ,-0.00175 ,0.94980
0.87944 ,0.72760 ,-0.00176 ,0.95012
0.88083 ,0.72727 ,-0.00176 ,0.95084
0.88250 ,0.72833 ,-0.00177 ,0.95121
0.88417 ,0.72938 ,-0.00177 ,0.95216
0.88583 ,0.73042 ,-0.00177 ,0.95356
0.88722 ,0.73006 ,-0.00178 ,0.95487
0.88889 ,0.73109 ,-0.00178 ,0.95511
0.89028 ,0.73072 ,-0.00178 ,0.95592
0.89194 ,0.73175 ,-0.00178 ,0.95630
0.89333 ,0.73138 ,-0.00178 ,0.95739
0.89500 ,0.73240 ,-0.00178 ,0.95781
0.89667 ,0.73341 ,-0.00178 ,0.95887
0.89806 ,0.73302 ,-0.00178 ,0.96036
0.90000 ,0.73541 ,-0.00179 ,0.96070
0.90111 ,0.73361 ,-0.00179 ,0.96313
0.90278 ,0.73461 ,-0.00179 ,0.96237
0.90444 ,0.73559 ,-0.00180 ,0.96331
0.90583 ,0.73518 ,-0.00180 ,0.96481
0.90722 ,0.73478 ,-0.00180 ,0.96516
0.90889 ,0.73576 ,-0.00181 ,0.96539
0.91028 ,0.73535 ,-0.00182 ,0.96640
0.91194 ,0.73633 ,-0.00182 ,0.96688
0.91333 ,0.73591 ,-0.00183 ,0.96801
0.91472 ,0.73549 ,-0.00183 ,0.96853
0.91639 ,0.73647 ,-0.00183 ,0.96881
0.91806 ,0.73744 ,-0.00184 ,0.96982
0.91944 ,0.73701 ,-0.00184 ,0.97132
0.92083 ,0.73659 ,-0.00184 ,0.97176
0.92250 ,0.73755 ,-0.00184 ,0.97205
0.92389 ,0.73712 ,-0.00184 ,0.97299
0.92556 ,0.73808 ,-0.00183 ,0.97355
0.92694 ,0.73765 ,-0.00183 ,0.97459
0.92861 ,0.73860 ,-0.00182 ,0.97516
0.93028 ,0.73955 ,-0.00181 ,0.97614
0.93250 ,0.74327 ,-0.00179 ,0.97743
0.93250 ,0.73583 ,-0.00179 ,0.98081
0.93417 ,0.73681 ,-0.00179 ,0.97665
0.93639 ,0.74055 ,-0.00178 ,0.97722
0.93778 ,0.74009 ,-0.00178 ,0.98064
0.93917 ,0.73963 ,-0.00178 ,0.98097
0.94083 ,0.74057 ,-0.00177 ,0.98130
0.94222 ,0.74011 ,-0.00176 ,0.98221
0.94361 ,0.73965 ,-0.00175 ,0.98266
0.94528 ,0.74059 ,-0.00173 ,0.98296
0.94667 ,0.74013 ,-0.00173 ,0.98390
0.94833 ,0.74106 ,-0.00172 ,0.98431
0.94972 ,0.74060 ,-0.00170 ,0.98520
0.95139 ,0.74152 ,-0.00170 ,0.98553
0.95278 ,0.74105 ,-0.00168 ,0.98644
0.95389 ,0.73920 ,-0.00168 ,0.98673
0.95583 ,0.74153 ,-0.00167 ,0.98641
0.95722 ,0.74106 ,-0.00167 ,0.98786
0.95861 ,0.74059 ,-0.00166 ,0.98800
0.96028 ,0.74152 ,-0.00166 ,0.98821
0.96167 ,0.74105 ,-0.00166 ,0.98901
0.96306 ,0.74058 ,-0.00165 ,0.98917
0.96472 ,0.74151 ,-0.00165 ,0.98933
0.96611 ,0.74104 ,-0.00165 ,0.99004
0.96750 ,0.74057 ,-0.00165 ,0.99017
0.96889 ,0.74011 ,-0.00165 ,0.99030
0.97028 ,0.73965 ,-0.00165 ,0.99047
0.97167 ,0.73920 ,-0.00165 ,0.99064
0.97333 ,0.74014 ,-0.00165 ,0.99079
0.97500 ,0.74107 ,-0.00165 ,0.99132
0.97639 ,0.74061 ,-0.00165 ,0.99168
0.97778 ,0.74015 ,-0.00165 ,0.99172
0.97917 ,0.73969 ,-0.00165 ,0.99179
0.98083 ,0.74063 ,-0.00166 ,0.99188
0.98222 ,0.74016 ,-0.00166 ,0.99212
0.98389 ,0.74110 ,-0.00168 ,0.99213
0.98528 ,0.74063 ,-0.00168 ,0.99222
0.98667 ,0.74017 ,-0.00170 ,0.99222
0.98806 ,0.73971 ,-0.00172 ,0.99222
0.98944 ,0.73926 ,-0.00173 ,0.99220
0.99083 ,0.73881 ,-0.00173 ,0.99217
0.99222 ,0.73837 ,-0.00175 ,0.99212
0.99361 ,0.73793 ,-0.00175 ,0.99206
0.99500 ,0.73749 ,-0.00177 ,0.99198
0.99639 ,0.73706 ,-0.00177 ,0.99188
0.99778 ,0.73664 ,-0.00181 ,0.99177
0.99917 ,0.73621 ,-0.00181 ,0.99164
1.00056 ,0.73580 ,-0.00183 ,0.99149
1.00194 ,0.73538 ,-0.00183 ,0.99132
1.00333 ,0.73497 ,-0.00184 ,0.99112
1.00472 ,0.73457 ,-0.00185 ,0.99091
1.00611 ,0.73417 ,-0.00187 ,0.99067
1.00722 ,0.73238 ,-0.00188 ,0.99042
1.00861 ,0.73200 ,-0.00189 ,0.99051
1.01000 ,0.73163 ,-0.00190 ,0.99023
1.01139 ,0.73125 ,-0.00190 ,0.98994
1.01278 ,0.73089 ,-0.00191 ,0.98962
1.01417 ,0.73052 ,-0.00192 ,0.98927
1.01556 ,0.73016 ,-0.00192 ,0.98890
1.01694 ,0.72980 ,-0.00192 ,0.98849
1.01806 ,0.72806 ,-0.00193 ,0.98806
1.01944 ,0.72772 ,-0.00193 ,0.98828
1.02083 ,0.72739 ,-0.00195 ,0.98773
1.02194 ,0.72567 ,-0.00195 ,0.98723
1.02333 ,0.72536 ,-0.00195 ,0.98750
1.02472 ,0.72505 ,-0.00196 ,0.98685
1.02583 ,0.72336 ,-0.00197 ,0.98628
1.02722 ,0.72307 ,-0.00197 ,0.98660
1.02861 ,0.72278 ,-0.00197 ,0.98583
1.02972 ,0.72111 ,-0.00197 ,0.98519
1.03111 ,0.72084 ,-0.00198 ,0.98555
1.03250 ,0.72058 ,-0.00198 ,0.98467
1.03361 ,0.71893 ,-0.00198 ,0.98393
1.03500 ,0.71868 ,-0.00198 ,0.98435
1.03611 ,0.71705 ,-0.00199 ,0.98335
1.03750 ,0.71683 ,-0.00199 ,0.98370
1.03889 ,0.71660 ,-0.00199 ,0.98264
1.04000 ,0.71499 ,-0.00199 ,0.98174
1.04111 ,0.71340 ,-0.00200 ,0.98217
1.04250 ,0.71321 ,-0.00200 ,0.98214
1.04361 ,0.71163 ,-0.00200 ,0.98105
1.04500 ,0.71146 ,-0.00200 ,0.98129
1.04611 ,0.70990 ,-0.00200 ,0.98013
1.04722 ,0.70836 ,-0.00200 ,0.98032
1.04833 ,0.70683 ,-0.00200 ,0.98018
1.04972 ,0.70671 ,-0.00200 ,0.98020
1.05083 ,0.70519 ,-0.00200 ,0.97902
1.05194 ,0.70370 ,-0.00200 ,0.97914
1.05306 ,0.70222 ,-0.00201 ,0.97890
1.05417 ,0.70075 ,-0.00201 ,0.97886
1.05528 ,0.69930 ,-0.00201 ,0.97875
1.05639 ,0.69786 ,-0.00201 ,0.97861
1.05750 ,0.69644 ,-0.00201 ,0.97847
1.05861 ,0.69503 ,-0.00201 ,0.97831
1.05972 ,0.69363 ,-0.00201 ,0.97814
1.06083 ,0.69225 ,-0.00201 ,0.97796
1.06222 ,0.69227 ,-0.00201 ,0.97776
1.06333 ,0.69091 ,-0.00201 ,0.97650
1.06444 ,0.68955 ,-0.00201 ,0.97656
1.06556 ,0.68821 ,-0.00201 ,0.97600
1.06667 ,0.68689 ,-0.00201 ,0.97577
1.06778 ,0.68557 ,-0.00201 ,0.97551
1.06889 ,0.68427 ,-0.00201 ,0.97523
1.07000 ,0.68299 ,-0.00200 ,0.97493
1.07111 ,0.68171 ,-0.00199 ,0.97462
1.07222 ,0.68045 ,-0.00199 ,0.97429
1.07333 ,0.67920 ,-0.00199 ,0.97395
1.07444 ,0.67797 ,-0.00197 ,0.97359
1.07556 ,0.67674 ,-0.00197 ,0.97321
1.07667 ,0.67553 ,-0.00196 ,0.97282
1.07750 ,0.67294 ,-0.00195 ,0.97241
1.07861 ,0.67177 ,-0.00194 ,0.97347
1.07972 ,0.67060 ,-0.00194 ,0.97273
1.08083 ,0.66945 ,-0.00194 ,0.97224
1.08194 ,0.66832 ,-0.00192 ,0.97176
1.08278 ,0.66580 ,-0.00191 ,0.97127
1.08389 ,0.66470 ,-0.00190 ,0.97236
1.08500 ,0.66361 ,-0.00190 ,0.97148
1.08611 ,0.66252 ,-0.00189 ,0.97088
1.08694 ,0.66007 ,-0.00188 ,0.97030
1.08806 ,0.65902 ,-0.00186 ,0.97140
1.08917 ,0.65799 ,-0.00186 ,0.97043
1.09000 ,0.65557 ,-0.00185 ,0.96973
1.09083 ,0.65318 ,-0.00184 ,0.97077
1.09194 ,0.65221 ,-0.00184 ,0.97123
1.09306 ,0.65124 ,-0.00183 ,0.97029
1.09389 ,0.64890 ,-0.00182 ,0.96949
1.09500 ,0.64796 ,-0.00182 ,0.97040
1.09583 ,0.64565 ,-0.00181 ,0.96932
1.09694 ,0.64475 ,-0.00180 ,0.97012
1.09778 ,0.64247 ,-0.00180 ,0.96907
1.09861 ,0.64021 ,-0.00180 ,0.96974
1.09972 ,0.63936 ,-0.00179 ,0.96997
1.10056 ,0.63714 ,-0.00179 ,0.96903
1.10139 ,0.63493 ,-0.00179 ,0.96965
1.10250 ,0.63414 ,-0.00179 ,0.96980
1.10333 ,0.63196 ,-0.00179 ,0.96885
1.10417 ,0.62981 ,-0.00178 ,0.96942
1.10500 ,0.62768 ,-0.00178 ,0.96949
1.10583 ,0.62557 ,-0.00178 ,0.96980
1.10667 ,0.62348 ,-0.00177 ,0.97006
1.10778 ,0.62280 ,-0.00177 ,0.97027
1.10861 ,0.62074 ,-0.00177 ,0.96925
1.10944 ,0.61870 ,-0.00176 ,0.96970
1.11028 ,0.61668 ,-0.00176 ,0.96963
1.11111 ,0.61468 ,-0.00175 ,0.96978
1.11194 ,0.61270 ,-0.00175 ,0.96993
1.11278 ,0.61074 ,-0.00174 ,0.97005
1.11361 ,0.60880 ,-0.00173 ,0.97014
1.11444 ,0.60688 ,-0.00172 ,0.97022
1.11528 ,0.60497 ,-0.00171 ,0.97029
1.11611 ,0.60309 ,-0.00170 ,0.97033
1.11694 ,0.60123 ,-0.00169 ,0.97036
1.11778 ,0.59938 ,-0.00168 ,0.97038
1.11861 ,0.59755 ,-0.00168 ,0.97037
1.11944 ,0.59574 ,-0.00167 ,0.97035
1.12028 ,0.59395 ,-0.00167 ,0.97031
1.12083 ,0.59079 ,-0.00166 ,0.97025
1.12167 ,0.58905 ,-0.00166 ,0.97149
1.12250 ,0.58733 ,-0.00165 ,0.97124
1.12333 ,0.58562 ,-0.00164 ,0.97112
1.12417 ,0.58393 ,-0.00164 ,0.97100
1.12500 ,0.58226 ,-0.00164 ,0.97086
1.12556 ,0.57921 ,-0.00163 ,0.97070
1.12639 ,0.57759 ,-0.00163 ,0.97188
1.12722 ,0.57598 ,-0.00163 ,0.97148
1.12806 ,0.57439 ,-0.00163 ,0.97126
1.12889 ,0.57281 ,-0.00163 ,0.97102
1.12944 ,0.56986 ,-0.00163 ,0.97078
1.13028 ,0.56833 ,-0.00163 ,0.97193
1.13111 ,0.56681 ,-0.00162 ,0.97141
1.13167 ,0.56392 ,-0.00162 ,0.97108
1.13250 ,0.56245 ,-0.00161 ,0.97220
1.13306 ,0.55960 ,-0.00161 ,0.97161
1.13389 ,0.55817 ,-0.00160 ,0.97265
1.13472 ,0.55676 ,-0.00160 ,0.97202
1.13528 ,0.55397 ,-0.00159 ,0.97160
1.13583 ,0.55120 ,-0.00159 ,0.97265
1.13667 ,0.54986 ,-0.00159 ,0.97340
1.13750 ,0.54853 ,-0.00157 ,0.97267
1.13833 ,0.54721 ,-0.00157 ,0.97214
1.13889 ,0.54451 ,-0.00156 ,0.97164
1.13944 ,0.54185 ,-0.00155 ,0.97264
1.14028 ,0.54059 ,-0.00154 ,0.97324
1.14083 ,0.53797 ,-0.00153 ,0.97245
1.14139 ,0.53536 ,-0.00152 ,0.97329
1.14222 ,0.53418 ,-0.00152 ,0.97380
1.14278 ,0.53161 ,-0.00150 ,0.97303
1.14361 ,0.53046 ,-0.00148 ,0.97375
1.14417 ,0.52794 ,-0.00148 ,0.97293
1.14472 ,0.52544 ,-0.00147 ,0.97358
1.14528 ,0.52296 ,-0.00145 ,0.97393
1.14583 ,0.52051 ,-0.00144 ,0.97442
1.14667 ,0.51947 ,-0.00144 ,0.97480
1.14722 ,0.51705 ,-0.00143 ,0.97399
1.14806 ,0.51605 ,-0.00141 ,0.97451
1.14861 ,0.51367 ,-0.00139 ,0.97363
1.14917 ,0.51131 ,-0.00137 ,0.97411
1.14972 ,0.50897 ,-0.00136 ,0.97427
1.15028 ,0.50666 ,-0.00134 ,0.97460
1.15083 ,0.50437 ,-0.00133 ,0.97488
1.15167 ,0.50349 ,-0.00131 ,0.97513
1.15222 ,0.50124 ,-0.00130 ,0.97429
1.15278 ,0.49900 ,-0.00128 ,0.97468
1.15333 ,0.49679 ,-0.00127 ,0.97466
1.15389 ,0.49460 ,-0.00127 ,0.97488
1.15444 ,0.49243 ,-0.00125 ,0.97506
1.15500 ,0.49028 ,-0.00121 ,0.97522
1.15556 ,0.48816 ,-0.00120 ,0.97535
1.15611 ,0.48606 ,-0.00118 ,0.97547
1.15667 ,0.48397 ,-0.00118 ,0.97556
1.15722 ,0.48191 ,-0.00114 ,0.97565
1.15778 ,0.47987 ,-0.00114 ,0.97571
1.15833 ,0.47785 ,-0.00111 ,0.97576
1.15889 ,0.47585 ,-0.00109 ,0.97579
1.15917 ,0.47248 ,-0.00107 ,0.97580
1.15972 ,0.47053 ,-0.00105 ,0.97688
1.16028 ,0.46860 ,-0.00103 ,0.97682
1.16083 ,0.46670 ,-0.00101 ,0.97678
1.16139 ,0.46481 ,-0.00100 ,0.97672
1.16194 ,0.46294 ,-0.00098 ,0.97665
1.16222 ,0.45970 ,-0.00095 ,0.97656
1.16278 ,0.45788 ,-0.00093 ,0.97755
1.16333 ,0.45608 ,-0.00092 ,0.97735
1.16361 ,0.45290 ,-0.00090 ,0.97721
1.16417 ,0.45115 ,-0.00088 ,0.97814
1.16472 ,0.44942 ,-0.00086 ,0.97788
1.16500 ,0.44631 ,-0.00083 ,0.97769
1.16556 ,0.44463 ,-0.00081 ,0.97857
1.16611 ,0.44296 ,-0.00079 ,0.97826
1.16639 ,0.43992 ,-0.00076 ,0.97802
1.16694 ,0.43830 ,-0.00074 ,0.97885
1.16750 ,0.43669 ,-0.00071 ,0.97849
1.16778 ,0.43371 ,-0.00069 ,0.97820
1.16833 ,0.43215 ,-0.00067 ,0.97898
1.16861 ,0.42922 ,-0.00064 ,0.97856
1.16917 ,0.42771 ,-0.00064 ,0.97931
1.16972 ,0.42621 ,-0.00059 ,0.97886
1.17000 ,0.42333 ,-0.00057 ,0.97848
1.17056 ,0.42188 ,-0.00054 ,0.97920
1.17083 ,0.41905 ,-0.00054 ,0.97869
1.17139 ,0.41764 ,-0.00052 ,0.97936
1.17167 ,0.41485 ,-0.00047 ,0.97882
1.17222 ,0.41348 ,-0.00047 ,0.97946
1.17250 ,0.41073 ,-0.00042 ,0.97888
1.17278 ,0.40801 ,-0.00040 ,0.97949
1.17333 ,0.40671 ,-0.00039 ,0.97994
1.17361 ,0.40403 ,-0.00037 ,0.97933
1.17417 ,0.40277 ,-0.00035 ,0.97986
1.17444 ,0.40013 ,-0.00033 ,0.97921
1.17472 ,0.39752 ,-0.00031 ,0.97970
1.17528 ,0.39632 ,-0.00030 ,0.98001
1.17556 ,0.39375 ,-0.00028 ,0.97939
1.17583 ,0.39120 ,-0.00027 ,0.97980
1.17611 ,0.38868 ,-0.00025 ,0.98004
1.17667 ,0.38757 ,-0.00023 ,0.98035
1.17694 ,0.38508 ,-0.00022 ,0.97971
1.17722 ,0.38262 ,-0.00020 ,0.98004
1.17750 ,0.38018 ,-0.00018 ,0.98020
1.17778 ,0.37777 ,-0.00017 ,0.98042
1.17806 ,0.37538 ,-0.00015 ,0.98064
1.17861 ,0.37440 ,-0.00015 ,0.98083
1.17889 ,0.37205 ,-0.00013 ,0.98014
1.17917 ,0.36972 ,-0.00011 ,0.98039
1.17944 ,0.36741 ,-0.00010 ,0.98044
1.17972 ,0.36512 ,-0.00009 ,0.98056
1.18000 ,0.36286 ,-0.00008 ,0.98067
1.18056 ,0.36201 ,-0.00006 ,0.98077
1.18083 ,0.35978 ,-0.00005 ,0.98001
1.18111 ,0.35757 ,-0.00004 ,0.98017
1.18139 ,0.35538 ,-0.00002 ,0.98014
1.18167 ,0.35322 ,-0.00001 ,0.98015
1.18194 ,0.35108 ,-0.00000 ,0.98017
1.18222 ,0.34895 ,-0.00000 ,0.98018
1.18250 ,0.34685 ,0.00002 ,0.98018
1.18278 ,0.34477 ,0.00004 ,0.98016
1.18306 ,0.34271 ,0.00004 ,0.98013
1.18333 ,0.34068 ,0.00005 ,0.98008
1.18361 ,0.33866 ,0.00006 ,0.98001
1.18389 ,0.33666 ,0.00008 ,0.97993
1.18417 ,0.33468 ,0.00009 ,0.97983
1.18417 ,0.33134 ,0.00010 ,0.97972
1.18444 ,0.32941 ,0.00012 ,0.98052
1.18472 ,0.32751 ,0.00013 ,0.98034
1.18500 ,0.32562 ,0.00013 ,0.98019
1.18528 ,0.32375 ,0.00014 ,0.98001
1.18556 ,0.32190 ,0.00014 ,0.97982
1.18556 ,0.31868 ,0.00016 ,0.97961
1.18583 ,0.31689 ,0.00017 ,0.98033
1.18611 ,0.31511 ,0.00018 ,0.98005
1.18639 ,0.31334 ,0.00019 ,0.97979
1.18639 ,0.31021 ,0.00020 ,0.97952
1.18667 ,0.30850 ,0.00021 ,0.98019
1.18694 ,0.30680 ,0.00021 ,0.97983
1.18722 ,0.30512 ,0.00022 ,0.97951
1.18722 ,0.30207 ,0.00023 ,0.97917
1.18750 ,0.30044 ,0.00025 ,0.97979
1.18778 ,0.29882 ,0.00025 ,0.97937
1.18778 ,0.29584 ,0.00026 ,0.97897
1.18806 ,0.29427 ,0.00027 ,0.97953
1.18833 ,0.29271 ,0.00029 ,0.97907
1.18833 ,0.28979 ,0.00030 ,0.97863
1.18861 ,0.28828 ,0.00031 ,0.97913
1.18861 ,0.28539 ,0.00032 ,0.97862
1.18889 ,0.28393 ,0.00033 ,0.97908
1.18917 ,0.28248 ,0.00033 ,0.97855
1.18917 ,0.27965 ,0.00035 ,0.97803
1.18944 ,0.27825 ,0.00035 ,0.97844
1.18944 ,0.27546 ,0.00037 ,0.97786
1.18972 ,0.27410 ,0.00037 ,0.97824
1.18972 ,0.27136 ,0.00039 ,0.97763
1.19000 ,0.27003 ,0.00040 ,0.97797
1.19000 ,0.26733 ,0.00041 ,0.97733
1.19028 ,0.26605 ,0.00042 ,0.97764
1.19028 ,0.26339 ,0.00043 ,0.97696
1.19056 ,0.26214 ,0.00044 ,0.97725
1.19056 ,0.25952 ,0.00045 ,0.97653
1.19056 ,0.25693 ,0.00046 ,0.97679
1.19083 ,0.25575 ,0.00047 ,0.97695
1.19083 ,0.25319 ,0.00048 ,0.97622
1.19111 ,0.25204 ,0.00049 ,0.97645
1.19111 ,0.24952 ,0.00050 ,0.97564
1.19111 ,0.24703 ,0.00050 ,0.97581
1.19139 ,0.24595 ,0.00051 ,0.97590
1.19139 ,0.24349 ,0.00052 ,0.97507
1.19139 ,0.24105 ,0.00053 ,0.97522
1.19167 ,0.24003 ,0.00053 ,0.97526
1.19167 ,0.23763 ,0.00054 ,0.97438
1.19167 ,0.23525 ,0.00054 ,0.97446
1.19194 ,0.23429 ,0.00055 ,0.97446
1.19194 ,0.23195 ,0.00055 ,0.97352
1.19194 ,0.22963 ,0.00055 ,0.97356
1.19194 ,0.22733 ,0.00056 ,0.97352
1.19222 ,0.22645 ,0.00056 ,0.97348
1.19222 ,0.22418 ,0.00057 ,0.97248
1.19222 ,0.22194 ,0.00057 ,0.97244
1.19222 ,0.21972 ,0.00058 ,0.97234
1.19222 ,0.21753 ,0.00058 ,0.97224
1.19222 ,0.21535 ,0.00059 ,0.97213
1.19222 ,0.21320 ,0.00060 ,0.97201
1.19250 ,0.21245 ,0.00060 ,0.97187
1.19250 ,0.21033 ,0.00060 ,0.97074
1.19250 ,0.20823 ,0.00061 ,0.97057
1.19250 ,0.20614 ,0.00062 ,0.97037
1.19250 ,0.20408 ,0.00062 ,0.97016
1.19250 ,0.20204 ,0.00063 ,0.96994
1.19250 ,0.20002 ,0.00063 ,0.96970
1.19250 ,0.19802 ,0.00063 ,0.96945
1.19250 ,0.19604 ,0.00064 ,0.96918
1.19250 ,0.19408 ,0.00064 ,0.96889
1.19250 ,0.19214 ,0.00065 ,0.96859
1.19250 ,0.19022 ,0.00065 ,0.96827
1.19250 ,0.18832 ,0.00065 ,0.96793
1.19250 ,0.18643 ,0.00066 ,0.96758
1.19250 ,0.18457 ,0.00066 ,0.96721
1.19250 ,0.18272 ,0.00066 ,0.96683
1.19250 ,0.18090 ,0.00067 ,0.96643
1.19250 ,0.17909 ,0.00067 ,0.96601
1.19250 ,0.17730 ,0.00067 ,0.96558
1.19250 ,0.17552 ,0.00068 ,0.96514
1.19250 ,0.17377 ,0.00068 ,0.96468
1.19250 ,0.17203 ,0.00069 ,0.96420
1.19250 ,0.17031 ,0.00069 ,0.96371
1.19250 ,0.16861 ,0.00070 ,0.96321
1.19250 ,0.16692 ,0.00071 ,0.96269
1.19250 ,0.16525 ,0.00072 ,0.96216
1.19250 ,0.16360 ,0.00072 ,0.96161
1.19250 ,0.16196 ,0.00072 ,0.96105
1.19250 ,0.16034 ,0.00072 ,0.96048
1.19250 ,0.15874 ,0.00073 ,0.95990
1.19250 ,0.15715 ,0.00073 ,0.95930
1.19250 ,0.15558 ,0.00073 ,0.95870
1.19250 ,0.15402 ,0.00073 ,0.95808
1.19250 ,0.15248 ,0.00072 ,0.95745
1.19250 ,0.15096 ,0.00072 ,0.95682
1.19250 ,0.14945 ,0.00071 ,0.95617
1.19250 ,0.14796 ,0.00071 ,0.95552
1.19250 ,0.14648 ,0.00070 ,0.95486
1.19250 ,0.14501 ,0.00069 ,0.95419
1.19250 ,0.14356 ,0.00068 ,0.95352
1.19250 ,0.14213 ,0.00067 ,0.95284
1.19250 ,0.14070 ,0.00066 ,0.95216
1.19250 ,0.13930 ,0.00065 ,0.95148
1.19222 ,0.13652 ,0.00065 ,0.95080
1.19222 ,0.13515 ,0.00065 ,0.95100
1.19222 ,0.13380 ,0.00064 ,0.95024
1.19222 ,0.13246 ,0.00063 ,0.94954
1.19222 ,0.13114 ,0.00062 ,0.94884
1.19222 ,0.12982 ,0.00061 ,0.94815
1.19222 ,0.12853 ,0.00060 ,0.94746
1.19222 ,0.12724 ,0.00059 ,0.94678
1.19222 ,0.12597 ,0.00059 ,0.94611
1.19222 ,0.12471 ,0.00058 ,0.94544
1.19222 ,0.12346 ,0.00058 ,0.94480
1.19222 ,0.12223 ,0.00057 ,0.94416
1.19222 ,0.12100 ,0.00057 ,0.94355
1.19222 ,0.11979 ,0.00056 ,0.94295
1.19222 ,0.11860 ,0.00055 ,0.94238
1.19222 ,0.11741 ,0.00055 ,0.94182
1.19222 ,0.11624 ,0.00054 ,0.94130
1.19194 ,0.11369 ,0.00053 ,0.94080
1.19194 ,0.11255 ,0.00053 ,0.94081
1.19194 ,0.11142 ,0.00052 ,0.94029
1.19194 ,0.11031 ,0.00052 ,0.93985
1.19194 ,0.10921 ,0.00051 ,0.93945
1.19194 ,0.10811 ,0.00050 ,0.93910
1.19194 ,0.10703 ,0.00050 ,0.93879
1.19194 ,0.10596 ,0.00049 ,0.93853
1.19194 ,0.10490 ,0.00049 ,0.93832
1.19167 ,0.10246 ,0.00048 ,0.93817
1.19167 ,0.10144 ,0.00048 ,0.93815
1.19167 ,0.10043 ,0.00047 ,0.93806
1.19167 ,0.09942 ,0.00047 ,0.93804
1.19167 ,0.09843 ,0.00046 ,0.93809
1.19139 ,0.09605 ,0.00045 ,0.93821
1.19139 ,0.09509 ,0.00044 ,0.93824
1.19139 ,0.09414 ,0.00043 ,0.93847
1.19139 ,0.09320 ,0.00042 ,0.93879
1.19111 ,0.09088 ,0.00041 ,0.93918
1.19111 ,0.08997 ,0.00041 ,0.93927
1.19111 ,0.08907 ,0.00040 ,0.93983
1.19083 ,0.08679 ,0.00040 ,0.94046
1.19083 ,0.08592 ,0.00039 ,0.94063
1.19056 ,0.08368 ,0.00039 ,0.94144
1.19056 ,0.08284 ,0.00038 ,0.94180
1.19028 ,0.08062 ,0.00038 ,0.94270
1.19028 ,0.07982 ,0.00038 ,0.94298
1.19000 ,0.07763 ,0.00037 ,0.94413
1.19000 ,0.07685 ,0.00037 ,0.94469
1.18972 ,0.07470 ,0.00037 ,0.94592
1.18944 ,0.07256 ,0.00036 ,0.94654
1.18944 ,0.07183 ,0.00036 ,0.94717
1.18917 ,0.06973 ,0.00035 ,0.94862
1.18917 ,0.06903 ,0.00035 ,0.94941
1.18889 ,0.06695 ,0.00035 ,0.95103
1.18861 ,0.06489 ,0.00034 ,0.95194
1.18833 ,0.06285 ,0.00033 ,0.95283
1.18833 ,0.06223 ,0.00033 ,0.95377
1.18806 ,0.06021 ,0.00032 ,0.95565
1.18778 ,0.05822 ,0.00032 ,0.95678
1.18750 ,0.05625 ,0.00031 ,0.95787
1.18722 ,0.05430 ,0.00031 ,0.95900
1.18722 ,0.05376 ,0.00031 ,0.96018
1.18694 ,0.05183 ,0.00031 ,0.96231
1.18667 ,0.04992 ,0.00031 ,0.96365
1.18639 ,0.04804 ,0.00031 ,0.96494
1.18611 ,0.04617 ,0.00030 ,0.96625
1.18583 ,0.04432 ,0.00030 ,0.96758
1.18556 ,0.04248 ,0.00031 ,0.96893
1.18500 ,0.03928 ,0.00031 ,0.97029
1.18472 ,0.03750 ,0.00032 ,0.97057
1.18444 ,0.03574 ,0.00032 ,0.97202
1.18417 ,0.03399 ,0.00033 ,0.97346
1.18389 ,0.03226 ,0.00033 ,0.97486
1.18361 ,0.03055 ,0.00034 ,0.97624
1.18333 ,0.02885 ,0.00035 ,0.97761
1.18306 ,0.02718 ,0.00035 ,0.97895
1.18250 ,0.02413 ,0.00035 ,0.98027
1.18222 ,0.02250 ,0.00035 ,0.98088
1.18194 ,0.02088 ,0.00035 ,0.98210
1.18167 ,0.01929 ,0.00034 ,0.98332
1.18139 ,0.01770 ,0.00034 ,0.98452
1.18111 ,0.01614 ,0.00033 ,0.98567
1.18056 ,0.01320 ,0.00033 ,0.98678
1.18028 ,0.01168 ,0.00032 ,0.98734
1.17972 ,0.00878 ,0.00032 ,0.98833
1.17944 ,0.00731 ,0.00031 ,0.98886
1.17917 ,0.00585 ,0.00030 ,0.98978
1.17861 ,0.00301 ,0.00030 ,0.99068
1.17833 ,0.00159 ,0.00029 ,0.99115
1.17750 ,-0.00259 ,0.00027 ,0.99195
1.17722 ,-0.00396 ,0.00027 ,0.99179
1.17667 ,-0.00669 ,0.00026 ,0.99267
1.17611 ,-0.00940 ,0.00025 ,0.99313
1.17556 ,-0.01209 ,0.00024 ,0.99353
1.17528 ,-0.01336 ,0.00023 ,0.99389
1.17472 ,-0.01600 ,0.00022 ,0.99451
1.17417 ,-0.01862 ,0.00021 ,0.99485
1.17389 ,-0.01982 ,0.00021 ,0.99517
1.17333 ,-0.02240 ,0.00019 ,0.99569
1.17278 ,-0.02495 ,0.00019 ,0.99598
1.17222 ,-0.02748 ,0.00019 ,0.99624
1.17167 ,-0.02999 ,0.00018 ,0.99649
1.17111 ,-0.03246 ,0.00017 ,0.99673
1.17083 ,-0.03353 ,0.00017 ,0.99696
1.17028 ,-0.03597 ,0.00017 ,0.99732
1.16972 ,-0.03839 ,0.00017 ,0.99752
1.16889 ,-0.04217 ,0.00017 ,0.99771
1.16833 ,-0.04453 ,0.00016 ,0.99775
1.16778 ,-0.04686 ,0.00016 ,0.99792
1.16722 ,-0.04917 ,0.00016 ,0.99807
1.16667 ,-0.05145 ,0.00015 ,0.99822
1.16611 ,-0.05372 ,0.00015 ,0.99836
1.16556 ,-0.05596 ,0.00014 ,0.99849
1.16472 ,-0.05957 ,0.00014 ,0.99862
1.16417 ,-0.06175 ,0.00013 ,0.99865
1.16361 ,-0.06391 ,0.00013 ,0.99876
1.16278 ,-0.06744 ,0.00012 ,0.99886
1.16222 ,-0.06954 ,0.00011 ,0.99888
1.16167 ,-0.07162 ,0.00011 ,0.99898
1.16083 ,-0.07507 ,0.00011 ,0.99906
1.16028 ,-0.07710 ,0.00010 ,0.99908
1.15944 ,-0.08049 ,0.00009 ,0.99916
1.15889 ,-0.08247 ,0.00007 ,0.99918
1.15806 ,-0.08581 ,0.00006 ,0.99925
1.15722 ,-0.08912 ,0.00004 ,0.99927
1.15667 ,-0.09100 ,0.00003 ,0.99928
1.15583 ,-0.09426 ,0.00003 ,0.99935
1.15500 ,-0.09749 ,0.00000 ,0.99936
1.15444 ,-0.09929 ,0.00000 ,0.99937
1.15361 ,-0.10246 ,-0.00001 ,0.99943
1.15278 ,-0.10560 ,-0.00002 ,0.99944
1.15194 ,-0.10871 ,-0.00005 ,0.99945
1.15111 ,-0.11179 ,-0.00007 ,0.99946
1.15028 ,-0.11484 ,-0.00008 ,0.99947
1.14972 ,-0.11647 ,-0.00010 ,0.99948
1.14889 ,-0.11947 ,-0.00010 ,0.99953
1.14806 ,-0.12245 ,-0.00011 ,0.99954
1.14722 ,-0.12539 ,-0.00012 ,0.99955
1.14639 ,-0.12830 ,-0.00014 ,0.99955
1.14556 ,-0.13118 ,-0.00015 ,0.99956
1.14444 ,-0.13543 ,-0.00017 ,0.99957
1.14389 ,-0.13685 ,-0.00018 ,0.99954
1.14306 ,-0.13965 ,-0.00022 ,0.99958
1.14194 ,-0.14381 ,-0.00024 ,0.99959
1.14111 ,-0.14654 ,-0.00024 ,0.99956
1.14056 ,-0.14785 ,-0.00026 ,0.99957
1.13944 ,-0.15193 ,-0.00028 ,0.99961
1.13861 ,-0.15457 ,-0.00032 ,0.99958
1.13778 ,-0.15720 ,-0.00034 ,0.99959
1.13694 ,-0.15979 ,-0.00036 ,0.99960
1.13583 ,-0.16375 ,-0.00038 ,0.99961
1.13500 ,-0.16628 ,-0.00040 ,0.99958
1.13417 ,-0.16878 ,-0.00040 ,0.99959
1.13306 ,-0.17265 ,-0.00043 ,0.99960
1.13222 ,-0.17509 ,-0.00043 ,0.99957
1.13111 ,-0.17889 ,-0.00046 ,0.99958
1.13000 ,-0.18266 ,-0.00047 ,0.99955
1.12917 ,-0.18500 ,-0.00048 ,0.99952
1.12833 ,-0.18732 ,-0.00049 ,0.99952
1.12722 ,-0.19100 ,-0.00050 ,0.99954
1.12611 ,-0.19465 ,-0.00050 ,0.99950
1.12500 ,-0.19825 ,-0.00051 ,0.99947
1.12417 ,-0.20044 ,-0.00052 ,0.99943
1.12306 ,-0.20399 ,-0.00053 ,0.99945
1.12194 ,-0.20751 ,-0.00054 ,0.99941
1.12083 ,-0.21099 ,-0.00054 ,0.99937
1.11972 ,-0.21443 ,-0.00055 ,0.99933
1.11889 ,-0.21645 ,-0.00055 ,0.99929
1.11778 ,-0.21984 ,-0.00055 ,0.99930
1.11667 ,-0.22320 ,-0.00055 ,0.99926
1.11556 ,-0.22653 ,-0.00055 ,0.99922
1.11444 ,-0.22982 ,-0.00055 ,0.99917
1.11333 ,-0.23307 ,-0.00055 ,0.99912
1.11222 ,-0.23630 ,-0.00055 ,0.99907
1.11111 ,-0.23949 ,-0.00055 ,0.99902
1.11000 ,-0.24265 ,-0.00054 ,0.99896
1.10889 ,-0.24578 ,-0.00054 ,0.99891
1.10778 ,-0.24888 ,-0.00054 ,0.99885
1.10667 ,-0.25194 ,-0.00053 ,0.99879
1.10556 ,-0.25498 ,-0.00053 ,0.99873
1.10444 ,-0.25799 ,-0.00053 ,0.99866
1.10333 ,-0.26096 ,-0.00053 ,0.99860
1.10194 ,-0.26530 ,-0.00052 ,0.99854
1.10083 ,-0.26820 ,-0.00052 ,0.99834
1.09972 ,-0.27107 ,-0.00053 ,0.99826
1.09833 ,-0.27531 ,-0.00053 ,0.99819
1.09722 ,-0.27811 ,-0.00053 ,0.99795
1.09583 ,-0.28227 ,-0.00053 ,0.99787
1.09472 ,-0.28501 ,-0.00053 ,0.99760
1.09361 ,-0.28771 ,-0.00053 ,0.99751
1.09222 ,-0.29178 ,-0.00053 ,0.99742
1.09083 ,-0.29581 ,-0.00052 ,0.99712
1.08972 ,-0.29840 ,-0.00052 ,0.99678
1.08833 ,-0.30236 ,-0.00052 ,0.99667
1.08722 ,-0.30489 ,-0.00051 ,0.99631
1.08583 ,-0.30879 ,-0.00051 ,0.99619
1.08472 ,-0.31126 ,-0.00051 ,0.99579
1.08333 ,-0.31509 ,-0.00051 ,0.99567
1.08194 ,-0.31888 ,-0.00050 ,0.99524
1.08056 ,-0.32264 ,-0.00050 ,0.99477
1.07917 ,-0.32636 ,-0.00049 ,0.99425
1.07806 ,-0.32865 ,-0.00049 ,0.99371
1.07667 ,-0.33231 ,-0.00048 ,0.99356
1.07528 ,-0.33593 ,-0.00047 ,0.99300
1.07389 ,-0.33951 ,-0.00047 ,0.99239
1.07250 ,-0.34306 ,-0.00047 ,0.99174
1.07111 ,-0.34658 ,-0.00047 ,0.99105
1.06972 ,-0.35006 ,-0.00046 ,0.99032
1.06861 ,-0.35211 ,-0.00046 ,0.98957
1.06722 ,-0.35553 ,-0.00046 ,0.98941
1.06583 ,-0.35892 ,-0.00046 ,0.98867
1.06444 ,-0.36228 ,-0.00046 ,0.98786
1.06278 ,-0.36699 ,-0.00046 ,0.98702
1.06167 ,-0.36887 ,-0.00046 ,0.98558
1.06000 ,-0.37352 ,-0.00046 ,0.98528
1.05889 ,-0.37534 ,-0.00046 ,0.98370
1.05750 ,-0.37853 ,-0.00046 ,0.98339
1.05611 ,-0.38169 ,-0.00047 ,0.98240
1.05500 ,-0.38343 ,-0.00047 ,0.98138
1.05361 ,-0.38654 ,-0.00047 ,0.98126
1.05222 ,-0.38962 ,-0.00046 ,0.98032
1.05056 ,-0.39405 ,-0.00046 ,0.97932
1.04917 ,-0.39706 ,-0.00046 ,0.97761
1.04917 ,-0.39309 ,-0.00046 ,0.97630
1.04722 ,-0.39888 ,-0.00045 ,0.98003
1.04556 ,-0.40322 ,-0.00045 ,0.97766
1.04417 ,-0.40614 ,-0.00045 ,0.97544
1.04278 ,-0.40902 ,-0.00044 ,0.97423
1.03972 ,-0.42021 ,-0.00044 ,0.97311
1.03972 ,-0.41600 ,-0.00044 ,0.96525
1.03694 ,-0.42573 ,-0.00044 ,0.96912
1.03528 ,-0.42981 ,-0.00043 ,0.96268
1.03528 ,-0.42551 ,-0.00042 ,0.95994
1.03250 ,-0.43515 ,-0.00042 ,0.96439
1.03111 ,-0.43774 ,-0.00041 ,0.95811
1.02944 ,-0.44169 ,-0.00041 ,0.95666
1.02806 ,-0.44422 ,-0.00041 ,0.95476
1.02806 ,-0.43978 ,-0.00041 ,0.95356
1.02528 ,-0.44927 ,-0.00041 ,0.95805
1.02389 ,-0.45172 ,-0.00041 ,0.95214
1.02222 ,-0.45554 ,-0.00041 ,0.95093
1.02083 ,-0.45793 ,-0.00041 ,0.94934
1.02083 ,-0.45335 ,-0.00041 ,0.94834
1.01778 ,-0.46409 ,-0.00041 ,0.95250
1.01639 ,-0.46640 ,-0.00042 ,0.94630
1.01472 ,-0.47007 ,-0.00042 ,0.94534
1.01306 ,-0.47370 ,-0.00042 ,0.94389
1.01167 ,-0.47591 ,-0.00043 ,0.94258
1.01000 ,-0.47948 ,-0.00043 ,0.94207
1.00833 ,-0.48302 ,-0.00044 ,0.94127
1.00694 ,-0.48513 ,-0.00044 ,0.94025
1.00528 ,-0.48861 ,-0.00044 ,0.93987
1.00389 ,-0.49067 ,-0.00045 ,0.93933
1.00250 ,-0.49271 ,-0.00045 ,0.93903
1.00083 ,-0.49612 ,-0.00045 ,0.93881
1.00083 ,-0.49116 ,-0.00045 ,0.93850
0.99778 ,-0.50152 ,-0.00045 ,0.93993
0.99639 ,-0.50345 ,-0.00045 ,0.93813
0.99472 ,-0.50675 ,-0.00045 ,0.93807
0.99333 ,-0.50863 ,-0.00045 ,0.93804
0.99167 ,-0.51187 ,-0.00044 ,0.93806
0.99028 ,-0.51370 ,-0.00044 ,0.93817
0.98889 ,-0.51551 ,-0.00043 ,0.93827
0.98722 ,-0.51869 ,-0.00043 ,0.93837
0.98583 ,-0.52044 ,-0.00043 ,0.93862
0.98417 ,-0.52357 ,-0.00043 ,0.93879
0.98278 ,-0.52528 ,-0.00044 ,0.93917
0.98111 ,-0.52836 ,-0.00044 ,0.93941
0.97972 ,-0.53002 ,-0.00045 ,0.93990
0.97806 ,-0.53305 ,-0.00045 ,0.94018
0.97639 ,-0.53606 ,-0.00046 ,0.94076
0.97500 ,-0.53764 ,-0.00046 ,0.94166
0.97333 ,-0.54060 ,-0.00047 ,0.94196
0.97167 ,-0.54353 ,-0.00048 ,0.94266
0.97000 ,-0.54642 ,-0.00049 ,0.94372
0.96833 ,-0.54929 ,-0.00050 ,0.94482
0.96694 ,-0.55074 ,-0.00052 ,0.94592
0.96556 ,-0.55218 ,-0.00053 ,0.94621
0.96389 ,-0.55499 ,-0.00054 ,0.94644
0.96250 ,-0.55639 ,-0.00056 ,0.94726
0.96083 ,-0.55916 ,-0.00057 ,0.94764
0.95944 ,-0.56051 ,-0.00059 ,0.94865
0.95778 ,-0.56324 ,-0.00060 ,0.94904
0.95639 ,-0.56455 ,-0.00062 ,0.95007
0.95472 ,-0.56724 ,-0.00062 ,0.95045
0.95306 ,-0.56990 ,-0.00064 ,0.95148
0.95167 ,-0.57114 ,-0.00066 ,0.95286
0.95000 ,-0.57377 ,-0.00066 ,0.95316
0.94861 ,-0.57497 ,-0.00068 ,0.95413
0.94694 ,-0.57756 ,-0.00070 ,0.95449
0.94528 ,-0.58011 ,-0.00071 ,0.95557
0.94361 ,-0.58265 ,-0.00073 ,0.95697
0.94222 ,-0.58376 ,-0.00074 ,0.95828
0.94056 ,-0.58626 ,-0.00074 ,0.95851
0.93917 ,-0.58734 ,-0.00077 ,0.95948
0.93750 ,-0.58980 ,-0.00077 ,0.95978
0.93583 ,-0.59224 ,-0.00078 ,0.96084
0.93417 ,-0.59465 ,-0.00079 ,0.96221
0.93250 ,-0.59704 ,-0.00081 ,0.96344
0.93111 ,-0.59801 ,-0.00082 ,0.96465
0.92944 ,-0.60036 ,-0.00083 ,0.96485
0.92806 ,-0.60130 ,-0.00083 ,0.96576
0.92639 ,-0.60362 ,-0.00084 ,0.96601
0.92500 ,-0.60453 ,-0.00085 ,0.96697
0.92361 ,-0.60543 ,-0.00085 ,0.96721
0.92194 ,-0.60771 ,-0.00086 ,0.96726
0.92028 ,-0.60997 ,-0.00087 ,0.96807
0.91889 ,-0.61081 ,-0.00088 ,0.96931
0.91750 ,-0.61165 ,-0.00090 ,0.96943
0.91583 ,-0.61386 ,-0.00090 ,0.96943
0.91444 ,-0.61467 ,-0.00092 ,0.97019
0.91278 ,-0.61686 ,-0.00093 ,0.97037
0.91139 ,-0.61763 ,-0.00094 ,0.97120
0.90972 ,-0.61979 ,-0.00095 ,0.97138
0.90833 ,-0.62054 ,-0.00096 ,0.97215
0.90667 ,-0.62266 ,-0.00097 ,0.97232
0.90528 ,-0.62338 ,-0.00098 ,0.97306
0.90361 ,-0.62548 ,-0.00099 ,0.97321
0.90194 ,-0.62756 ,-0.00100 ,0.97392
0.90056 ,-0.62823 ,-0.00101 ,0.97498
0.89889 ,-0.63028 ,-0.00102 ,0.97502
0.89750 ,-0.63092 ,-0.00102 ,0.97566
0.89611 ,-0.63156 ,-0.00103 ,0.97577
0.89472 ,-0.63219 ,-0.00104 ,0.97569
0.89306 ,-0.63420 ,-0.00104 ,0.97556
0.89139 ,-0.63619 ,-0.00105 ,0.97611
0.89000 ,-0.63677 ,-0.00105 ,0.97709
0.88833 ,-0.63874 ,-0.00106 ,0.97709
0.88694 ,-0.63929 ,-0.00106 ,0.97765
0.88528 ,-0.64123 ,-0.00106 ,0.97773
0.88389 ,-0.64177 ,-0.00106 ,0.97829
0.88222 ,-0.64368 ,-0.00106 ,0.97837
0.88083 ,-0.64419 ,-0.00106 ,0.97890
0.87917 ,-0.64608 ,-0.00106 ,0.97897
0.87778 ,-0.64656 ,-0.00106 ,0.97947
0.87639 ,-0.64704 ,-0.00106 ,0.97953
0.87472 ,-0.64891 ,-0.00105 ,0.97938
0.87333 ,-0.64936 ,-0.00105 ,0.97981
0.87194 ,-0.64981 ,-0.00106 ,0.97984
0.87028 ,-0.65165 ,-0.00106 ,0.97969
0.86889 ,-0.65208 ,-0.00106 ,0.98011
0.86750 ,-0.65250 ,-0.00106 ,0.98013
0.86583 ,-0.65431 ,-0.00106 ,0.97997
0.86472 ,-0.65332 ,-0.00106 ,0.98037
0.86306 ,-0.65512 ,-0.00106 ,0.97952
0.86167 ,-0.65551 ,-0.00106 ,0.97993
0.86028 ,-0.65590 ,-0.00106 ,0.97995
0.85861 ,-0.65768 ,-0.00107 ,0.97974
0.85722 ,-0.65804 ,-0.00107 ,0.98012
0.85583 ,-0.65841 ,-0.00107 ,0.98010
0.85444 ,-0.65877 ,-0.00107 ,0.97992
0.85306 ,-0.65913 ,-0.00108 ,0.97968
0.85139 ,-0.66087 ,-0.00108 ,0.97943
0.85000 ,-0.66120 ,-0.00110 ,0.97978
0.84861 ,-0.66154 ,-0.00110 ,0.97973
0.84722 ,-0.66187 ,-0.00111 ,0.97954
0.84583 ,-0.66219 ,-0.00111 ,0.97929
0.84417 ,-0.66390 ,-0.00112 ,0.97901
0.84278 ,-0.66421 ,-0.00112 ,0.97936
0.84139 ,-0.66451 ,-0.00112 ,0.97929
0.84000 ,-0.66481 ,-0.00112 ,0.97908
0.83833 ,-0.66649 ,-0.00112 ,0.97881
0.83722 ,-0.66539 ,-0.00112 ,0.97915
0.83556 ,-0.66706 ,-0.00111 ,0.97816
0.83417 ,-0.66734 ,-0.00111 ,0.97858
0.83278 ,-0.66761 ,-0.00111 ,0.97852
0.83139 ,-0.66788 ,-0.00110 ,0.97825
0.83000 ,-0.66814 ,-0.00110 ,0.97794
0.82833 ,-0.66980 ,-0.00110 ,0.97763
0.82694 ,-0.67004 ,-0.00109 ,0.97793
0.82556 ,-0.67029 ,-0.00109 ,0.97782
0.82417 ,-0.67053 ,-0.00108 ,0.97759
0.82278 ,-0.67077 ,-0.00107 ,0.97729
0.82139 ,-0.67100 ,-0.00106 ,0.97696
0.82000 ,-0.67124 ,-0.00106 ,0.97662
0.81861 ,-0.67147 ,-0.00105 ,0.97627
0.81722 ,-0.67170 ,-0.00104 ,0.97592
0.81583 ,-0.67193 ,-0.00102 ,0.97556
0.81444 ,-0.67215 ,-0.00101 ,0.97520
0.81278 ,-0.67376 ,-0.00100 ,0.97484
0.81139 ,-0.67397 ,-0.00099 ,0.97509
0.81000 ,-0.67418 ,-0.00098 ,0.97494
0.80861 ,-0.67438 ,-0.00097 ,0.97471
0.80694 ,-0.67597 ,-0.00096 ,0.97438
0.80583 ,-0.67476 ,-0.00096 ,0.97465
0.80444 ,-0.67496 ,-0.00096 ,0.97348
0.80306 ,-0.67516 ,-0.00094 ,0.97237
0.80167 ,-0.67535 ,-0.00093 ,0.97243
0.80028 ,-0.67554 ,-0.00093 ,0.97231
0.79889 ,-0.67573 ,-0.00092 ,0.97200
0.79750 ,-0.67592 ,-0.00091 ,0.97163
0.79611 ,-0.67610 ,-0.00090 ,0.97123
0.79472 ,-0.67628 ,-0.00089 ,0.97083
0.79333 ,-0.67647 ,-0.00087 ,0.97042
0.79194 ,-0.67665 ,-0.00086 ,0.97000
0.79056 ,-0.67682 ,-0.00085 ,0.96958
0.78917 ,-0.67700 ,-0.00085 ,0.96916
0.78778 ,-0.67717 ,-0.00084 ,0.96874
0.78639 ,-0.67735 ,-0.00082 ,0.96831
0.78500 ,-0.67752 ,-0.00081 ,0.96789
0.78361 ,-0.67769 ,-0.00080 ,0.96746
0.78222 ,-0.67785 ,-0.00079 ,0.96702
0.78111 ,-0.67663 ,-0.00078 ,0.96659
0.77972 ,-0.67681 ,-0.00077 ,0.96504
0.77833 ,-0.67699 ,-0.00077 ,0.96457
0.77694 ,-0.67716 ,-0.00075 ,0.96412
0.77556 ,-0.67733 ,-0.00075 ,0.96368
0.77389 ,-0.67889 ,-0.00074 ,0.96324
0.77278 ,-0.67766 ,-0.00073 ,0.96323
0.77167 ,-0.67644 ,-0.00072 ,0.96200
0.77000 ,-0.67801 ,-0.00071 ,0.96067
0.76861 ,-0.67817 ,-0.00071 ,0.96099
0.76722 ,-0.67834 ,-0.00070 ,0.96084
0.76583 ,-0.67850 ,-0.00070 ,0.96055
0.76472 ,-0.67727 ,-0.00070 ,0.96016
0.76333 ,-0.67744 ,-0.00071 ,0.95862
0.76194 ,-0.67761 ,-0.00072 ,0.95817
0.76028 ,-0.67917 ,-0.00073 ,0.95773
0.75917 ,-0.67793 ,-0.00074 ,0.95767
0.75778 ,-0.67810 ,-0.00074 ,0.95650
0.75639 ,-0.67826 ,-0.00075 ,0.95633
0.75500 ,-0.67842 ,-0.00076 ,0.95599
0.75389 ,-0.67719 ,-0.00077 ,0.95561
0.75222 ,-0.67875 ,-0.00078 ,0.95413
0.75111 ,-0.67752 ,-0.00080 ,0.95426
0.74944 ,-0.67908 ,-0.00081 ,0.95307
0.74806 ,-0.67923 ,-0.00083 ,0.95348
0.74667 ,-0.67939 ,-0.00085 ,0.95337
0.74528 ,-0.67954 ,-0.00087 ,0.95311
0.74389 ,-0.67968 ,-0.00089 ,0.95276
0.74250 ,-0.67983 ,-0.00091 ,0.95238
0.74139 ,-0.67859 ,-0.00093 ,0.95200
0.74000 ,-0.67875 ,-0.00094 ,0.95061
0.73861 ,-0.67891 ,-0.00096 ,0.95021
0.73722 ,-0.67906 ,-0.00098 ,0.94984
0.73583 ,-0.67921 ,-0.00100 ,0.94947
0.73444 ,-0.67937 ,-0.00102 ,0.94911
0.73306 ,-0.67952 ,-0.00104 ,0.94876
0.73194 ,-0.67828 ,-0.00106 ,0.94841
0.73028 ,-0.67983 ,-0.00108 ,0.94716
0.72889 ,-0.67997 ,-0.00109 ,0.94720
0.72750 ,-0.68012 ,-0.00109 ,0.94714
0.72611 ,-0.68026 ,-0.00113 ,0.94698
0.72472 ,-0.68040 ,-0.00114 ,0.94672
0.72333 ,-0.68054 ,-0.00116 ,0.94643
0.72250 ,-0.67791 ,-0.00117 ,0.94612
0.72056 ,-0.68085 ,-0.00118 ,0.94420
0.71944 ,-0.67960 ,-0.00119 ,0.94520
0.71806 ,-0.67974 ,-0.00120 ,0.94437
0.71667 ,-0.67989 ,-0.00122 ,0.94344
0.71528 ,-0.68004 ,-0.00122 ,0.94354
0.71389 ,-0.68018 ,-0.00124 ,0.94348
0.71278 ,-0.67894 ,-0.00124 ,0.94330
0.71111 ,-0.68048 ,-0.00125 ,0.94240
0.71000 ,-0.67923 ,-0.00128 ,0.94240
0.70833 ,-0.68077 ,-0.00129 ,0.94176
0.70722 ,-0.67952 ,-0.00129 ,0.94193
0.70583 ,-0.67967 ,-0.00130 ,0.94134
0.70444 ,-0.67982 ,-0.00131 ,0.94126
0.70306 ,-0.67996 ,-0.00132 ,0.94110
0.70167 ,-0.68011 ,-0.00132 ,0.94093
0.70028 ,-0.68025 ,-0.00133 ,0.94076
0.69917 ,-0.67900 ,-0.00134 ,0.94058
0.69778 ,-0.67916 ,-0.00135 ,0.93994
0.69611 ,-0.68070 ,-0.00136 ,0.93978
0.69500 ,-0.67945 ,-0.00137 ,0.93973
0.69361 ,-0.67960 ,-0.00137 ,0.93936
0.69194 ,-0.68114 ,-0.00138 ,0.93933
0.69056 ,-0.68127 ,-0.00139 ,0.93935
0.68944 ,-0.68001 ,-0.00140 ,0.93939
0.68806 ,-0.68016 ,-0.00141 ,0.93901
0.68639 ,-0.68169 ,-0.00142 ,0.93893
0.68528 ,-0.68043 ,-0.00143 ,0.93891
0.68389 ,-0.68057 ,-0.00144 ,0.93865
0.68250 ,-0.68071 ,-0.00145 ,0.93863
0.68083 ,-0.68223 ,-0.00146 ,0.93858
0.67972 ,-0.68096 ,-0.00147 ,0.93857
0.67833 ,-0.68110 ,-0.00148 ,0.93838
0.67694 ,-0.68123 ,-0.00149 ,0.93836
0.67556 ,-0.68136 ,-0.00150 ,0.93832
0.67417 ,-0.68150 ,-0.00151 ,0.93828
0.67278 ,-0.68163 ,-0.00152 ,0.93823
0.67139 ,-0.68175 ,-0.00153 ,0.93819
0.67000 ,-0.68188 ,-0.00154 ,0.93816
0.66833 ,-0.68339 ,-0.00154 ,0.93813
0.66722 ,-0.68212 ,-0.00157 ,0.93812
0.66556 ,-0.68363 ,-0.00159 ,0.93806
0.66417 ,-0.68374 ,-0.00159 ,0.93808
0.66278 ,-0.68384 ,-0.00161 ,0.93809
0.66139 ,-0.68395 ,-0.00163 ,0.93809
0.66000 ,-0.68405 ,-0.00164 ,0.93807
0.65861 ,-0.68416 ,-0.00165 ,0.93806
0.65750 ,-0.68287 ,-0.00165 ,0.93805
0.65583 ,-0.68438 ,-0.00167 ,0.93804
0.65444 ,-0.68448 ,-0.00168 ,0.93805
0.65306 ,-0.68458 ,-0.00169 ,0.93804
0.65167 ,-0.68468 ,-0.00170 ,0.93804
0.65028 ,-0.68477 ,-0.00171 ,0.93805
0.64889 ,-0.68487 ,-0.00172 ,0.93806
0.64750 ,-0.68497 ,-0.00173 ,0.93807
0.64611 ,-0.68506 ,-0.00175 ,0.93808
0.64472 ,-0.68516 ,-0.00176 ,0.93810
0.64333 ,-0.68525 ,-0.00177 ,0.93813
0.64194 ,-0.68534 ,-0.00178 ,0.93815
0.64056 ,-0.68543 ,-0.00179 ,0.93818
0.63917 ,-0.68552 ,-0.00180 ,0.93821
0.63778 ,-0.68561 ,-0.00182 ,0.93824
0.63639 ,-0.68570 ,-0.00183 ,0.93828
0.63500 ,-0.68579 ,-0.00184 ,0.93831
0.63361 ,-0.68587 ,-0.00184 ,0.93835
0.63222 ,-0.68596 ,-0.00185 ,0.93839
0.63083 ,-0.68604 ,-0.00186 ,0.93843
0.62917 ,-0.68752 ,-0.00188 ,0.93848
0.62778 ,-0.68759 ,-0.00188 ,0.93847
0.62639 ,-0.68765 ,-0.00190 ,0.93842
0.62500 ,-0.68772 ,-0.00191 ,0.93841
0.62361 ,-0.68779 ,-0.00192 ,0.93842
0.62194 ,-0.68924 ,-0.00193 ,0.93845
0.62056 ,-0.68930 ,-0.00194 ,0.93844
0.61917 ,-0.68935 ,-0.00195 ,0.93839
0.61750 ,-0.69079 ,-0.00196 ,0.93837
0.61611 ,-0.69082 ,-0.00197 ,0.93832
0.61472 ,-0.69086 ,-0.00197 ,0.93828
0.61333 ,-0.69090 ,-0.00198 ,0.93826
0.61167 ,-0.69232 ,-0.00198 ,0.93827
0.61028 ,-0.69234 ,-0.00199 ,0.93825
0.60889 ,-0.69236 ,-0.00200 ,0.93821
0.60722 ,-0.69377 ,-0.00200 ,0.93820
0.60583 ,-0.69378 ,-0.00201 ,0.93816
0.60472 ,-0.69240 ,-0.00202 ,0.93813
0.60278 ,-0.69520 ,-0.00202 ,0.93825
0.60167 ,-0.69380 ,-0.00204 ,0.93807
0.60000 ,-0.69519 ,-0.00204 ,0.93813
0.59861 ,-0.69519 ,-0.00205 ,0.93809
0.59722 ,-0.69518 ,-0.00205 ,0.93808
0.59556 ,-0.69656 ,-0.00206 ,0.93808
0.59417 ,-0.69654 ,-0.00207 ,0.93806
0.59278 ,-0.69652 ,-0.00207 ,0.93805
0.59111 ,-0.69789 ,-0.00207 ,0.93804
0.58972 ,-0.69785 ,-0.00207 ,0.93804
0.58833 ,-0.69782 ,-0.00208 ,0.93803
0.58694 ,-0.69778 ,-0.00208 ,0.93804
0.58556 ,-0.69775 ,-0.00208 ,0.93804
0.58389 ,-0.69911 ,-0.00208 ,0.93803
0.58250 ,-0.69906 ,-0.00208 ,0.93804
0.58083 ,-0.70040 ,-0.00208 ,0.93805
0.57972 ,-0.69895 ,-0.00208 ,0.93813
0.57806 ,-0.70030 ,-0.00208 ,0.93806
0.57639 ,-0.70163 ,-0.00208 ,0.93808
0.57500 ,-0.70156 ,-0.00208 ,0.93822
0.57333 ,-0.70287 ,-0.00209 ,0.93825
0.57222 ,-0.70140 ,-0.00209 ,0.93831
0.57056 ,-0.70272 ,-0.00210 ,0.93821
0.56889 ,-0.70403 ,-0.00210 ,0.93830
0.56778 ,-0.70254 ,-0.00210 ,0.93858
0.56611 ,-0.70385 ,-0.00210 ,0.93841
0.56472 ,-0.70376 ,-0.00211 ,0.93851
0.56306 ,-0.70505 ,-0.00211 ,0.93859
0.56167 ,-0.70495 ,-0.00211 ,0.93891
0.56000 ,-0.70623 ,-0.00211 ,0.93895
0.55861 ,-0.70611 ,-0.00212 ,0.93906
0.55722 ,-0.70600 ,-0.00212 ,0.93918
0.55556 ,-0.70727 ,-0.00212 ,0.93927
0.55389 ,-0.70853 ,-0.00212 ,0.93944
0.55250 ,-0.70839 ,-0.00213 ,0.94003
0.55083 ,-0.70964 ,-0.00213 ,0.94016
0.54944 ,-0.70949 ,-0.00213 ,0.94039
0.54806 ,-0.70934 ,-0.00213 ,0.94059
0.54667 ,-0.70919 ,-0.00213 ,0.94072
0.54528 ,-0.70904 ,-0.00213 ,0.94078
0.54361 ,-0.71028 ,-0.00213 ,0.94081
0.54194 ,-0.71151 ,-0.00213 ,0.94102
0.54028 ,-0.71273 ,-0.00213 ,0.94185
0.53917 ,-0.71116 ,-0.00212 ,0.94270
0.53750 ,-0.71238 ,-0.00211 ,0.94215
0.53583 ,-0.71359 ,-0.00211 ,0.94258
0.53444 ,-0.71340 ,-0.00210 ,0.94349
0.53278 ,-0.71460 ,-0.00210 ,0.94367
0.53139 ,-0.71440 ,-0.00209 ,0.94407
0.52972 ,-0.71559 ,-0.00209 ,0.94439
0.52806 ,-0.71676 ,-0.00208 ,0.94542
0.52667 ,-0.71654 ,-0.00208 ,0.94641
0.52528 ,-0.71632 ,-0.00207 ,0.94657
0.52389 ,-0.71610 ,-0.00206 ,0.94667
0.52222 ,-0.71727 ,-0.00206 ,0.94676
0.52083 ,-0.71704 ,-0.00206 ,0.94721
0.51944 ,-0.71682 ,-0.00205 ,0.94758
0.51778 ,-0.71798 ,-0.00205 ,0.94789
0.51611 ,-0.71914 ,-0.00205 ,0.94858
0.51500 ,-0.71750 ,-0.00204 ,0.94993
0.51333 ,-0.71866 ,-0.00204 ,0.94927
0.51167 ,-0.71981 ,-0.00203 ,0.95013
0.51028 ,-0.71955 ,-0.00203 ,0.95148
0.50861 ,-0.72069 ,-0.00203 ,0.95177
0.50750 ,-0.71904 ,-0.00202 ,0.95260
0.50583 ,-0.72018 ,-0.00202 ,0.95198
0.50444 ,-0.71993 ,-0.00201 ,0.95307
0.50278 ,-0.72106 ,-0.00200 ,0.95350
0.50111 ,-0.72218 ,-0.00199 ,0.95452
0.49972 ,-0.72190 ,-0.00198 ,0.95601
0.49833 ,-0.72163 ,-0.00198 ,0.95638
0.49667 ,-0.72275 ,-0.00197 ,0.95664
0.49528 ,-0.72246 ,-0.00196 ,0.95762
0.49361 ,-0.72357 ,-0.00195 ,0.95808
0.49222 ,-0.72328 ,-0.00194 ,0.95929
0.49056 ,-0.72438 ,-0.00194 ,0.95980
0.48917 ,-0.72408 ,-0.00193 ,0.96098
0.48778 ,-0.72379 ,-0.00192 ,0.96151
0.48639 ,-0.72349 ,-0.00191 ,0.96185
0.48472 ,-0.72459 ,-0.00191 ,0.96214
0.48333 ,-0.72429 ,-0.00190 ,0.96324
0.48194 ,-0.72399 ,-0.00189 ,0.96378
0.48028 ,-0.72508 ,-0.00188 ,0.96417
0.47861 ,-0.72617 ,-0.00187 ,0.96531
0.47722 ,-0.72585 ,-0.00187 ,0.96692
0.47583 ,-0.72554 ,-0.00187 ,0.96741
0.47417 ,-0.72661 ,-0.00185 ,0.96778
0.47278 ,-0.72629 ,-0.00185 ,0.96886
0.47139 ,-0.72597 ,-0.00185 ,0.96953
0.47000 ,-0.72566 ,-0.00184 ,0.96992
0.46861 ,-0.72535 ,-0.00184 ,0.97028
0.46694 ,-0.72643 ,-0.00183 ,0.97064
0.46556 ,-0.72611 ,-0.00182 ,0.97165
0.46389 ,-0.72718 ,-0.00182 ,0.97234
0.46250 ,-0.72685 ,-0.00181 ,0.97347
0.46111 ,-0.72653 ,-0.00180 ,0.97416
0.45944 ,-0.72760 ,-0.00179 ,0.97462
0.45806 ,-0.72726 ,-0.00178 ,0.97563
0.45667 ,-0.72694 ,-0.00178 ,0.97632
0.45500 ,-0.72800 ,-0.00178 ,0.97678
0.45361 ,-0.72766 ,-0.00177 ,0.97782
0.45222 ,-0.72733 ,-0.00176 ,0.97845
0.45083 ,-0.72700 ,-0.00175 ,0.97889
0.44944 ,-0.72668 ,-0.00175 ,0.97928
0.44778 ,-0.72774 ,-0.00174 ,0.97966
0.44667 ,-0.72602 ,-0.00173 ,0.98079
0.44528 ,-0.72571 ,-0.00173 ,0.98054
0.44361 ,-0.72678 ,-0.00172 ,0.98063
0.44222 ,-0.72646 ,-0.00172 ,0.98181
0.44083 ,-0.72614 ,-0.00172 ,0.98240
0.43944 ,-0.72582 ,-0.00171 ,0.98281
0.43806 ,-0.72551 ,-0.00170 ,0.98318
0.43667 ,-0.72520 ,-0.00170 ,0.98355
0.43528 ,-0.72489 ,-0.00170 ,0.98392
0.43389 ,-0.72459 ,-0.00169 ,0.98429
0.43222 ,-0.72567 ,-0.00168 ,0.98466
0.43111 ,-0.72397 ,-0.00167 ,0.98581
0.42944 ,-0.72507 ,-0.00165 ,0.98557
0.42806 ,-0.72476 ,-0.00165 ,0.98649
0.42667 ,-0.72446 ,-0.00163 ,0.98682
0.42528 ,-0.72416 ,-0.00162 ,0.98705
0.42389 ,-0.72386 ,-0.00161 ,0.98747
0.42250 ,-0.72356 ,-0.00160 ,0.98775
0.42083 ,-0.72466 ,-0.00160 ,0.98805
0.41972 ,-0.72297 ,-0.00159 ,0.98901
0.41833 ,-0.72269 ,-0.00158 ,0.98884
0.41694 ,-0.72240 ,-0.00157 ,0.98896
0.41528 ,-0.72351 ,-0.00157 ,0.98929
0.41417 ,-0.72183 ,-0.00156 ,0.99009
0.41278 ,-0.72156 ,-0.00156 ,0.98996
0.41139 ,-0.72129 ,-0.00155 ,0.99005
0.41000 ,-0.72102 ,-0.00154 ,0.99033
0.40889 ,-0.71937 ,-0.00153 ,0.99052
0.40750 ,-0.71912 ,-0.00151 ,0.99052
0.40611 ,-0.71887 ,-0.00150 ,0.99064
0.40500 ,-0.71724 ,-0.00149 ,0.99087
0.40361 ,-0.71701 ,-0.00147 ,0.99087
0.40222 ,-0.71678 ,-0.00146 ,0.99098
0.40111 ,-0.71517 ,-0.00145 ,0.99119
0.39972 ,-0.71496 ,-0.00144 ,0.99120
0.39833 ,-0.71476 ,-0.00144 ,0.99131
0.39694 ,-0.71455 ,-0.00142 ,0.99149
0.39556 ,-0.71435 ,-0.00141 ,0.99167
0.39444 ,-0.71277 ,-0.00140 ,0.99181
0.39306 ,-0.71258 ,-0.00139 ,0.99182
0.39167 ,-0.71240 ,-0.00137 ,0.99192
0.39028 ,-0.71222 ,-0.00136 ,0.99202
0.38889 ,-0.71204 ,-0.00135 ,0.99211
0.38750 ,-0.71187 ,-0.00135 ,0.99218
0.38639 ,-0.71030 ,-0.00134 ,0.99221
0.38500 ,-0.71015 ,-0.00133 ,0.99221
0.38389 ,-0.70860 ,-0.00132 ,0.99222
0.38250 ,-0.70846 ,-0.00131 ,0.99222
0.38139 ,-0.70693 ,-0.00130 ,0.99221
0.37972 ,-0.70819 ,-0.00129 ,0.99221
0.37861 ,-0.70667 ,-0.00128 ,0.99208
0.37722 ,-0.70654 ,-0.00127 ,0.99210
0.37611 ,-0.70504 ,-0.00126 ,0.99199
0.37472 ,-0.70493 ,-0.00125 ,0.99201
0.37333 ,-0.70482 ,-0.00124 ,0.99187
0.37194 ,-0.70472 ,-0.00123 ,0.99169
0.37056 ,-0.70462 ,-0.00122 ,0.99148
0.36944 ,-0.70313 ,-0.00121 ,0.99123
0.36806 ,-0.70304 ,-0.00121 ,0.99129
0.36694 ,-0.70157 ,-0.00120 ,0.99096
0.36556 ,-0.70149 ,-0.00119 ,0.99103
0.36444 ,-0.70003 ,-0.00118 ,0.99064
0.36306 ,-0.69998 ,-0.00118 ,0.99072
0.36194 ,-0.69853 ,-0.00118 ,0.99026
0.36056 ,-0.69849 ,-0.00117 ,0.99036
0.35917 ,-0.69845 ,-0.00116 ,0.98983
0.35806 ,-0.69702 ,-0.00115 ,0.98934
0.35694 ,-0.69561 ,-0.00115 ,0.98948
0.35556 ,-0.69560 ,-0.00114 ,0.98949
0.35417 ,-0.69559 ,-0.00114 ,0.98880
0.35306 ,-0.69419 ,-0.00114 ,0.98817
0.35167 ,-0.69419 ,-0.00113 ,0.98834
0.35056 ,-0.69280 ,-0.00113 ,0.98752
0.34917 ,-0.69282 ,-0.00112 ,0.98764
0.34806 ,-0.69145 ,-0.00112 ,0.98674
0.34667 ,-0.69148 ,-0.00111 ,0.98684
0.34556 ,-0.69012 ,-0.00111 ,0.98589
0.34444 ,-0.68877 ,-0.00111 ,0.98593
0.34306 ,-0.68883 ,-0.00111 ,0.98574
0.34194 ,-0.68750 ,-0.00111 ,0.98476
0.34083 ,-0.68618 ,-0.00111 ,0.98476
0.33944 ,-0.68626 ,-0.00110 ,0.98449
0.33833 ,-0.68495 ,-0.00110 ,0.98345
0.33722 ,-0.68366 ,-0.00110 ,0.98343
0.33611 ,-0.68238 ,-0.00110 ,0.98307
0.33472 ,-0.68250 ,-0.00110 ,0.98287
0.33361 ,-0.68123 ,-0.00110 ,0.98174
0.33250 ,-0.67997 ,-0.00109 ,0.98169
0.33139 ,-0.67873 ,-0.00109 ,0.98123
0.33028 ,-0.67750 ,-0.00108 ,0.98093
0.32917 ,-0.67628 ,-0.00108 ,0.98064
0.32806 ,-0.67507 ,-0.00107 ,0.98032
0.32694 ,-0.67387 ,-0.00107 ,0.97999
0.32583 ,-0.67269 ,-0.00107 ,0.97965
0.32472 ,-0.67152 ,-0.00107 ,0.97929
0.32361 ,-0.67036 ,-0.00107 ,0.97891
0.32250 ,-0.66921 ,-0.00107 ,0.97852
0.32139 ,-0.66807 ,-0.00106 ,0.97811
0.32028 ,-0.66695 ,-0.00106 ,0.97768
0.31917 ,-0.66584 ,-0.00106 ,0.97724
0.31806 ,-0.66473 ,-0.00106 ,0.97678
0.31694 ,-0.66364 ,-0.00105 ,0.97630
0.31583 ,-0.66256 ,-0.00105 ,0.97580
0.31472 ,-0.66149 ,-0.00104 ,0.97529
0.31389 ,-0.65904 ,-0.00103 ,0.97475
0.31278 ,-0.65801 ,-0.00102 ,0.97568
0.31167 ,-0.65698 ,-0.00101 ,0.97480
0.31056 ,-0.65597 ,-0.00101 ,0.97416
0.30972 ,-0.65358 ,-0.00100 ,0.97354
0.30861 ,-0.65260 ,-0.00099 ,0.97449
0.30750 ,-0.65162 ,-0.00098 ,0.97350
0.30639 ,-0.65066 ,-0.00097 ,0.97277
0.30556 ,-0.64832 ,-0.00096 ,0.97206
0.30444 ,-0.64740 ,-0.00095 ,0.97299
0.30361 ,-0.64509 ,-0.00094 ,0.97191
0.30250 ,-0.64419 ,-0.00093 ,0.97267
0.30139 ,-0.64331 ,-0.00092 ,0.97162
0.30056 ,-0.64104 ,-0.00090 ,0.97074
0.29944 ,-0.64019 ,-0.00089 ,0.97146
0.29833 ,-0.63934 ,-0.00089 ,0.97039
0.29750 ,-0.63711 ,-0.00086 ,0.96947
0.29667 ,-0.63491 ,-0.00084 ,0.97011
0.29556 ,-0.63412 ,-0.00083 ,0.97020
0.29472 ,-0.63194 ,-0.00081 ,0.96923
0.29361 ,-0.63118 ,-0.00080 ,0.96977
0.29278 ,-0.62903 ,-0.00079 ,0.96863
0.29167 ,-0.62830 ,-0.00077 ,0.96908
0.29083 ,-0.62618 ,-0.00076 ,0.96785
0.29000 ,-0.62409 ,-0.00075 ,0.96834
0.28889 ,-0.62340 ,-0.00073 ,0.96826
0.28806 ,-0.62133 ,-0.00072 ,0.96722
0.28694 ,-0.62068 ,-0.00070 ,0.96769
0.28611 ,-0.61863 ,-0.00069 ,0.96636
0.28528 ,-0.61662 ,-0.00067 ,0.96675
0.28417 ,-0.61600 ,-0.00066 ,0.96652
0.28333 ,-0.61401 ,-0.00064 ,0.96543
0.28250 ,-0.61204 ,-0.00063 ,0.96589
0.28167 ,-0.61008 ,-0.00062 ,0.96561
0.28056 ,-0.60954 ,-0.00062 ,0.96556
0.27972 ,-0.60761 ,-0.00060 ,0.96441
0.27889 ,-0.60570 ,-0.00059 ,0.96485
0.27778 ,-0.60520 ,-0.00058 ,0.96449
0.27694 ,-0.60331 ,-0.00055 ,0.96320
0.27611 ,-0.60145 ,-0.00055 ,0.96357
0.27528 ,-0.59960 ,-0.00055 ,0.96316
0.27444 ,-0.59777 ,-0.00055 ,0.96294
0.27361 ,-0.59596 ,-0.00054 ,0.96280
0.27278 ,-0.59417 ,-0.00054 ,0.96266
0.27194 ,-0.59239 ,-0.00053 ,0.96251
0.27111 ,-0.59063 ,-0.00052 ,0.96235
0.27028 ,-0.58889 ,-0.00051 ,0.96218
0.26944 ,-0.58717 ,-0.00050 ,0.96198
0.26861 ,-0.58547 ,-0.00049 ,0.96177
0.26806 ,-0.58239 ,-0.00047 ,0.96154
0.26722 ,-0.58073 ,-0.00046 ,0.96298
0.26639 ,-0.57909 ,-0.00044 ,0.96235
0.26556 ,-0.57747 ,-0.00042 ,0.96198
0.26472 ,-0.57586 ,-0.00040 ,0.96165
0.26389 ,-0.57427 ,-0.00038 ,0.96131
0.26333 ,-0.57130 ,-0.00037 ,0.96096
0.26250 ,-0.56976 ,-0.00035 ,0.96226
0.26167 ,-0.56823 ,-0.00035 ,0.96154
0.26111 ,-0.56532 ,-0.00031 ,0.96107
0.26028 ,-0.56383 ,-0.00031 ,0.96221
0.25972 ,-0.56097 ,-0.00027 ,0.96152
0.25917 ,-0.55814 ,-0.00027 ,0.96248
0.25833 ,-0.55673 ,-0.00025 ,0.96303
0.25750 ,-0.55533 ,-0.00022 ,0.96242
0.25694 ,-0.55255 ,-0.00020 ,0.96185
0.25611 ,-0.55119 ,-0.00018 ,0.96280
0.25556 ,-0.54846 ,-0.00016 ,0.96198
0.25472 ,-0.54714 ,-0.00014 ,0.96285
0.25417 ,-0.54445 ,-0.00012 ,0.96201
0.25333 ,-0.54317 ,-0.00009 ,0.96283
0.25278 ,-0.54052 ,-0.00007 ,0.96195
0.25194 ,-0.53928 ,-0.00005 ,0.96273
0.25139 ,-0.53666 ,-0.00003 ,0.96182
0.25083 ,-0.53407 ,-0.00001 ,0.96255
0.25000 ,-0.53290 ,0.00001 ,0.96274
0.24944 ,-0.53035 ,0.00003 ,0.96204
0.24889 ,-0.52782 ,0.00005 ,0.96278
0.24833 ,-0.52532 ,0.00006 ,0.96292
0.24750 ,-0.52423 ,0.00008 ,0.96329
0.24694 ,-0.52177 ,0.00010 ,0.96251
0.24639 ,-0.51933 ,0.00012 ,0.96318
0.24583 ,-0.51691 ,0.00013 ,0.96325
0.24500 ,-0.51591 ,0.00015 ,0.96351
0.24444 ,-0.51353 ,0.00016 ,0.96266
0.24389 ,-0.51117 ,0.00018 ,0.96327
0.24333 ,-0.50884 ,0.00019 ,0.96327
0.24278 ,-0.50653 ,0.00021 ,0.96342
0.24222 ,-0.50424 ,0.00023 ,0.96362
0.24167 ,-0.50198 ,0.00024 ,0.96382
0.24083 ,-0.50112 ,0.00025 ,0.96400
0.24028 ,-0.49889 ,0.00027 ,0.96303
0.23972 ,-0.49668 ,0.00028 ,0.96355
0.23917 ,-0.49449 ,0.00029 ,0.96341
0.23861 ,-0.49232 ,0.00030 ,0.96341
0.23806 ,-0.49018 ,0.00031 ,0.96345
0.23750 ,-0.48805 ,0.00032 ,0.96351
0.23722 ,-0.48456 ,0.00033 ,0.96355
0.23667 ,-0.48249 ,0.00034 ,0.96501
0.23611 ,-0.48045 ,0.00034 ,0.96480
0.23556 ,-0.47842 ,0.00034 ,0.96476
0.23500 ,-0.47641 ,0.00036 ,0.96472
0.23444 ,-0.47443 ,0.00037 ,0.96466
0.23417 ,-0.47107 ,0.00038 ,0.96458
0.23361 ,-0.46914 ,0.00040 ,0.96596
0.23306 ,-0.46723 ,0.00041 ,0.96561
0.23250 ,-0.46533 ,0.00042 ,0.96544
0.23222 ,-0.46207 ,0.00042 ,0.96527
0.23167 ,-0.46022 ,0.00042 ,0.96657
0.23111 ,-0.45840 ,0.00043 ,0.96613
0.23083 ,-0.45520 ,0.00045 ,0.96587
0.23028 ,-0.45343 ,0.00046 ,0.96708
0.22972 ,-0.45167 ,0.00047 ,0.96660
0.22944 ,-0.44855 ,0.00048 ,0.96627
0.22889 ,-0.44684 ,0.00048 ,0.96740
0.22833 ,-0.44515 ,0.00049 ,0.96687
0.22806 ,-0.44208 ,0.00049 ,0.96649
0.22778 ,-0.43905 ,0.00049 ,0.96752
0.22722 ,-0.43744 ,0.00049 ,0.96819
0.22667 ,-0.43584 ,0.00050 ,0.96772
0.22639 ,-0.43287 ,0.00050 ,0.96726
0.22583 ,-0.43132 ,0.00050 ,0.96816
0.22556 ,-0.42840 ,0.00050 ,0.96754
0.22500 ,-0.42689 ,0.00050 ,0.96836
0.22472 ,-0.42401 ,0.00050 ,0.96772
0.22444 ,-0.42116 ,0.00050 ,0.96848
0.22389 ,-0.41973 ,0.00049 ,0.96895
0.22361 ,-0.41692 ,0.00049 ,0.96840
0.22333 ,-0.41414 ,0.00049 ,0.96911
0.22278 ,-0.41277 ,0.00049 ,0.96947
0.22250 ,-0.41004 ,0.00049 ,0.96889
0.22222 ,-0.40732 ,0.00049 ,0.96955
0.22167 ,-0.40603 ,0.00049 ,0.96986
0.22139 ,-0.40336 ,0.00049 ,0.96922
0.22111 ,-0.40071 ,0.00050 ,0.96982
0.22083 ,-0.39809 ,0.00050 ,0.97008
0.22056 ,-0.39550 ,0.00051 ,0.97044
0.22000 ,-0.39433 ,0.00052 ,0.97081
0.21972 ,-0.39177 ,0.00052 ,0.97010
0.21944 ,-0.38924 ,0.00052 ,0.97060
0.21917 ,-0.38674 ,0.00052 ,0.97077
0.21889 ,-0.38426 ,0.00052 ,0.97102
0.21861 ,-0.38181 ,0.00051 ,0.97128
0.21833 ,-0.37938 ,0.00051 ,0.97153
0.21778 ,-0.37836 ,0.00051 ,0.97177
0.21750 ,-0.37597 ,0.00051 ,0.97093
0.21722 ,-0.37360 ,0.00050 ,0.97129
0.21694 ,-0.37125 ,0.00050 ,0.97134
0.21667 ,-0.36893 ,0.00050 ,0.97144
0.21639 ,-0.36662 ,0.00050 ,0.97156
0.21611 ,-0.36435 ,0.00050 ,0.97167
0.21583 ,-0.36209 ,0.00050 ,0.97177
0.21556 ,-0.35986 ,0.00049 ,0.97185
0.21528 ,-0.35765 ,0.00049 ,0.97191
0.21528 ,-0.35407 ,0.00049 ,0.97195
0.21500 ,-0.35192 ,0.00049 ,0.97313
0.21472 ,-0.34979 ,0.00049 ,0.97305
0.21444 ,-0.34768 ,0.00050 ,0.97303
0.21417 ,-0.34560 ,0.00050 ,0.97299
0.21389 ,-0.34353 ,0.00050 ,0.97293
0.21389 ,-0.34009 ,0.00049 ,0.97285
0.21361 ,-0.33808 ,0.00049 ,0.97391
0.21333 ,-0.33609 ,0.00049 ,0.97371
0.21306 ,-0.33412 ,0.00048 ,0.97357
